Participant ID: 
Last Name: 
First Name: 
Gender: male
Age: 20-30
Environment: 3D


Number of Init Trials: 2 
Number of Training Trials: 2 
Number of Test Trials: 2 
Experiment start: 14:21:35

###New Block of trials: 3D=True, Intro=True, training=False, joystick=True
##New Trial. Number=1
Goal Position: [-2.0, 0.009999999776482582, -2.0]
Drop Position: [-2.180128812789917, 1.0, -2.288463830947876]
Hit Position: [-2.1280558109283447, 0.18602529168128967, -2.2540266513824463]
Accuracy: 0.191041231155
Variance: 0.128403788077
[[0.0, 1.0, 0.0], [0.0, 1.0, 0.0], [0.0, 1.0, 0.0], [0.0, 1.0, 0.0], [0.0, 1.0, 0.0], [0.0, 1.0, 0.0], [0.0, 1.0, 0.0], [0.0, 1.0, 0.0], [0.0, 1.0, 0.0], [0.0, 1.0, 0.0], [0.0, 1.0, 0.0], [0.0, 1.0, 0.0], [0.0, 1.0, 0.0], [0.0, 1.0, 0.0], [0.0, 1.0, 0.0], [0.0, 1.0, 0.0], [0.0, 1.0, 0.0], [0.0, 1.0, 0.0], [0.0, 1.0, 0.0], [0.0, 1.0, 0.0], [0.0, 1.0, 0.0], [0.0, 1.0, 0.0], [0.0, 1.0, 0.0], [0.0, 1.0, 0.0], [0.0, 1.0, 0.0], [0.0, 1.0, 0.0], [0.0, 1.0, 0.0], [0.0, 1.0, 0.0], [0.0, 1.0, 0.0], [0.0, 1.0, 0.0], [0.0, 1.0, 0.0], [0.0, 1.0, 0.0], [0.0, 1.0, 0.0], [0.0, 1.0, 0.0], [0.0, 1.0, 0.0], [0.0, 1.0, 0.0], [0.0, 1.0, 0.0], [0.0, 1.0, 0.0], [0.0, 1.0, 0.0], [0.0, 1.0, 0.0], [0.0, 1.0, 0.0], [0.0, 1.0, 0.0], [0.0, 1.0, 0.0], [0.0, 1.0, 0.0], [0.0, 1.0, 0.0], [0.0, 1.0, 0.0], [-0.006868652217188027, 1.0, 0.0], [-0.01678505633017438, 1.0, 0.0], [-0.034956240051226974, 1.0, 0.0], [-0.05265609233674924, 1.0, 0.0], [-0.07105012945219703, 1.0, 0.0], [-0.0877580568139327, 1.0, -0.0008984906890133469], [-0.10206349294430775, 1.0, -0.005627303687426094], [-0.11450865359121996, 1.0, -0.013033882877967848], [-0.12440041842982982, 1.0, -0.022060290116515828], [-0.1320533869218139, 1.0, -0.032921702347328885], [-0.13536031394628906, 1.0, -0.044468812495952484], [-0.1362924005412095, 1.0, -0.05608611776543234], [-0.13629239797592163, 1.0, -0.06757528246011248], [-0.13629239797592163, 1.0, -0.08102591395761369], [-0.13629239797592163, 1.0, -0.09630938487401847], [-0.13629239797592163, 1.0, -0.11359858372604122], [-0.13629239797592163, 1.0, -0.13406634332381123], [-0.13629239797592163, 1.0, -0.15582223733075853], [-0.13629239797592163, 1.0, -0.18077194298858365], [-0.13444298135473962, 1.0, -0.21000846045708849], [-0.1323427464860796, 1.0, -0.23957431725904452], [-0.13023150000325884, 1.0, -0.2692950569543906], [-0.1281150039432141, 1.0, -0.2997459060010261], [-0.12626629999526015, 1.0, -0.3306743882072687], [-0.12626630067825317, 1.0, -0.3624226754458228], [-0.12626630067825317, 1.0, -0.3949154179775526], [-0.12626630067825317, 1.0, -0.426311682523616], [-0.13051723997397272, 1.0, -0.4558320975862968], [-0.1408377791926367, 1.0, -0.483920896872514], [-0.15513971563861725, 1.0, -0.5080013560047332], [-0.17156486748269553, 1.0, -0.5313913547782967], [-0.18836273005425433, 1.0, -0.5546151844908556], [-0.2062779212227351, 1.0, -0.5774845653235261], [-0.2245969273964813, 1.0, -0.5999718771741794], [-0.24416924880781032, 1.0, -0.6221415484652277], [-0.2637430857225947, 1.0, -0.6443129190011861], [-0.28381052443079346, 1.0, -0.6663149203575743], [-0.30470452929599945, 1.0, -0.6878287591005519], [-0.3256012234751485, 1.0, -0.7093454217799486], [-0.34664505424691316, 1.0, -0.7304832680403405], [-0.36774329767254815, 1.0, -0.7516758107082079], [-0.3886489254840702, 1.0, -0.7722836236078108], [-0.40954347101230626, 1.0, -0.7926175610870472], [-0.43063860462516407, 1.0, -0.813146701789783], [-0.45149422924386556, 1.0, -0.8334427763010368], [-0.4722460325171681, 1.0, -0.8536377961647349], [-0.4934362933429925, 1.0, -0.8742595561008862], [-0.514184878490455, 1.0, -0.8944514232780957], [-0.5350680825983971, 1.0, -0.9147743380150581], [-0.5557799031809797, 1.0, -0.9349304730804414], [-0.5766446830831935, 1.0, -0.9552354539120196], [-0.5975240650032632, 1.0, -0.9755546969730049], [-0.6184164281499127, 1.0, -0.9958865475436118], [-0.6392920500669733, 1.0, -1.016202097041944], [-0.6605347754411581, 1.0, -1.036474822264616], [-0.6809230199011779, 1.0, -1.0556697770200079], [-0.7016916106652503, 1.0, -1.0752228222150588], [-0.7225171378212244, 1.0, -1.0948294990513354], [-0.743187389183173, 1.0, -1.114289922020563], [-0.7639398175785589, 1.0, -1.1338277443917415], [-0.7846868754336342, 1.0, -1.1533604932105643], [-0.805455429406095, 1.0, -1.172913523699739], [-0.8262019865879466, 1.0, -1.192445852462106], [-0.8469485156902721, 1.0, -1.211978175345712], [-0.8677127727459722, 1.0, -1.231527188613257], [-0.8886221109236867, 1.0, -1.2512127584841732], [-0.909382612944689, 1.0, -1.2707581672336066], [-0.9301592654597851, 1.0, -1.29031877621537], [-0.9508832482583074, 1.0, -1.3098297863179935], [-0.9714836883419942, 1.0, -1.329224563029697], [-0.9922436780403465, 1.0, -1.3487695318486124], [-1.0130235545885984, 1.0, -1.3683332043776901], [-1.0337463987476267, 1.0, -1.3878432677681594], [-1.0545052579234342, 1.0, -1.407387185051708], [-1.0753785510681002, 1.0, -1.427038800078188], [-1.0960052795347441, 1.0, -1.4464583033931195], [-1.11712422875851, 1.0, -1.4678060613550112], [-1.137481349081368, 1.0, -1.489179947741034], [-1.1577323827729302, 1.0, -1.511383269680025], [-1.1774943552711767, 1.0, -1.533732946771906], [-1.1952065482024754, 1.0, -1.5567710375234827], [-1.2121386368188876, 1.0, -1.580523863578068], [-1.2273070279025182, 1.0, -1.6057332910543132], [-1.239928426924513, 1.0, -1.632470005951469], [-1.251686482703194, 1.0, -1.6603863763424793], [-1.2626778134976755, 1.0, -1.6883684864099546], [-1.2733222556016461, 1.0, -1.716617060951106], [-1.2835231843893755, 1.0, -1.7446101156718903], [-1.2936261439688421, 1.0, -1.7723341036373828], [-1.30275878007108, 1.0, -1.8009796232121944], [-1.3086148908643542, 1.0, -1.8293830320574267], [-1.3130040077121743, 1.0, -1.8586745928168944], [-1.31642435981665, 1.0, -1.8877764145429898], [-1.3198835924180579, 1.0, -1.9172089490838755], [-1.3233183409734448, 1.0, -1.9464333116794872], [-1.3267311427700967, 1.0, -1.9754707306087265], [-1.330166286621964, 1.0, -2.0046989679733036], [-1.333608213430439, 1.0, -2.0339839527614028], [-1.338132703212022, 1.0, -2.063157113507253], [-1.3458767883250096, 1.0, -2.091544334714347], [-1.3561844855758456, 1.0, -2.1192978978843153], [-1.3698898026872768, 1.0, -2.143221276431161], [-1.3864966447768956, 1.0, -2.1662327494256153], [-1.4042790175499134, 1.0, -2.1891010020024826], [-1.422378596061057, 1.0, -2.2115127422480945], [-1.440842927935206, 1.0, -2.2337548675389476], [-1.4597903850509766, 1.0, -2.2559681283108706], [-1.4791098134942529, 1.0, -2.277889036931083], [-1.499454960877523, 1.0, -2.299390115105365], [-1.520473238257237, 1.0, -2.3201089334665115], [-1.5416857240319528, 1.0, -2.3386834547317576], [-1.5641790294601856, 1.0, -2.355090068161863], [-1.5871030310061907, 1.0, -2.3713891781956753], [-1.610873845361829, 1.0, -2.3871091311004515], [-1.6353071237861387, 1.0, -2.4021756836034696], [-1.6607404424139711, 1.0, -2.4170244297674808], [-1.686808406888567, 1.0, -2.430877312342657], [-1.7125936173528267, 1.0, -2.4442568624783148], [-1.738571715969391, 1.0, -2.4571417767565764], [-1.7647137086589832, 1.0, -2.468929386202223], [-1.790694465238958, 1.0, -2.4806440949173227], [-1.8169719204346888, 1.0, -2.4924925949780685], [-1.84302441393661, 1.0, -2.5], [-1.869409540529353, 1.0, -2.5], [-1.8959096866851826, 1.0, -2.5], [-1.9183803101906178, 1.0, -2.5], [-1.9314077355657826, 1.0, -2.5], [-1.9314076900482178, 1.0, -2.5], [-1.9314076900482178, 1.0, -2.5], [-1.9314076900482178, 1.0, -2.5], [-1.9314076900482178, 1.0, -2.5], [-1.9314076900482178, 1.0, -2.5], [-1.9314076900482178, 1.0, -2.5], [-1.9314076900482178, 1.0, -2.5], [-1.9314076900482178, 1.0, -2.5], [-1.9314076900482178, 1.0, -2.5], [-1.9314076900482178, 1.0, -2.5], [-1.9314076900482178, 1.0, -2.5], [-1.9314076900482178, 1.0, -2.4988373128874835], [-1.9314076900482178, 1.0, -2.4976545397582552], [-1.9314076900482178, 1.0, -2.496473519394823], [-1.9314076900482178, 1.0, -2.495291500350513], [-1.9314076900482178, 1.0, -2.4940991428677934], [-1.9314076900482178, 1.0, -2.4929233606270276], [-1.9314076900482178, 1.0, -2.4896469142414905], [-1.9314076900482178, 1.0, -2.48348065248473], [-1.9314076900482178, 1.0, -2.4715436456805913], [-1.9314076900482178, 1.0, -2.4572923050920217], [-1.9314076900482178, 1.0, -2.4418484316456124], [-1.9314076900482178, 1.0, -2.426221970410557], [-1.9314076900482178, 1.0, -2.410694478438776], [-1.9329840873147235, 1.0, -2.3954472507691706], [-1.9356153590289389, 1.0, -2.380177901897625], [-1.9386586479474883, 1.0, -2.3648232277984347], [-1.9427629230833725, 1.0, -2.3497216259319695], [-1.9511750557170662, 1.0, -2.336077498833916], [-1.963859050153954, 1.0, -2.325310167553242], [-1.9802189341470746, 1.0, -2.3166004675272327], [-1.9987723802806046, 1.0, -2.310288501171055], [-2.0185856951755334, 1.0, -2.3045604456079887], [-2.0390612395695724, 1.0, -2.3001785101076413], [-2.061785734056392, 1.0, -2.3001785278320312], [-2.0894379278721704, 1.0, -2.3001785278320312], [-2.1216424543070183, 1.0, -2.3001785278320312], [-2.154638525606277, 1.0, -2.3001785278320312], [-2.1876860299017125, 1.0, -2.3001785278320312], [-2.220794204072366, 1.0, -2.3001785278320312], [-2.253820315882539, 1.0, -2.3001785278320312], [-2.286979983514282, 1.0, -2.3001785278320312], [-2.3199923415976436, 1.0, -2.3001785278320312], [-2.3532510995204063, 1.0, -2.3001785278320312], [-2.3863361209779264, 1.0, -2.3001785278320312], [-2.4147407742717766, 1.0, -2.3001785278320312], [-2.439031150131322, 1.0, -2.3001785278320312], [-2.4599944368253315, 1.0, -2.3001785278320312], [-2.473967418579087, 1.0, -2.3001785278320312], [-2.4822925182369886, 1.0, -2.3001785278320312], [-2.482292413711548, 1.0, -2.3001785278320312], [-2.482292413711548, 1.0, -2.3001785278320312], [-2.482292413711548, 1.0, -2.3001785278320312], [-2.482292413711548, 1.0, -2.3001785278320312], [-2.482292413711548, 1.0, -2.3001785278320312], [-2.482292413711548, 1.0, -2.3001785278320312], [-2.482292413711548, 1.0, -2.3001785278320312], [-2.482292413711548, 1.0, -2.3001785278320312], [-2.482292413711548, 1.0, -2.3001785278320312], [-2.482292413711548, 1.0, -2.3001785278320312], [-2.476990763771992, 1.0, -2.3001785278320312], [-2.4668389523459178, 1.0, -2.3001785278320312], [-2.451377163181488, 1.0, -2.3001785278320312], [-2.430636904415755, 1.0, -2.3001785278320312], [-2.411493716820757, 1.0, -2.3001785278320312], [-2.3923714502566056, 1.0, -2.3001785278320312], [-2.373197985432279, 1.0, -2.3001785278320312], [-2.3538807203663907, 1.0, -2.3001785278320312], [-2.3348540713936665, 1.0, -2.3001785278320312], [-2.3157005410208016, 1.0, -2.3001785278320312], [-2.296532061772188, 1.0, -2.3001785278320312], [-2.277307847072487, 1.0, -2.3001785278320312], [-2.2612332466887493, 1.0, -2.3001785278320312], [-2.2550635104278154, 1.0, -2.3000478040147825], [-2.253207796334425, 1.0, -2.299784322911371], [-2.2532076835632324, 1.0, -2.2997844219207764], [-2.2532076835632324, 1.0, -2.2997844219207764], [-2.2532076835632324, 1.0, -2.2997844219207764], [-2.2532076835632324, 1.0, -2.2997844219207764], [-2.2532076835632324, 1.0, -2.2997844219207764], [-2.2532076835632324, 1.0, -2.2997844219207764], [-2.2532076835632324, 1.0, -2.2997844219207764], [-2.2532076835632324, 1.0, -2.2997844219207764], [-2.2532076835632324, 1.0, -2.2997844219207764], [-2.2532076835632324, 1.0, -2.2997844219207764], [-2.2532076835632324, 1.0, -2.2997844219207764], [-2.2532076835632324, 1.0, -2.2997844219207764], [-2.2532076835632324, 1.0, -2.2997844219207764], [-2.2532076835632324, 1.0, -2.2997844219207764], [-2.2532076835632324, 1.0, -2.2997844219207764], [-2.2532076835632324, 1.0, -2.2997844219207764], [-2.2532076835632324, 1.0, -2.2997844219207764], [-2.2532076835632324, 1.0, -2.2997844219207764], [-2.2532076835632324, 1.0, -2.2997844219207764], [-2.2532076835632324, 1.0, -2.2997844219207764], [-2.2532076835632324, 1.0, -2.2997844219207764], [-2.2532076835632324, 1.0, -2.2997844219207764], [-2.2532076835632324, 1.0, -2.2997844219207764], [-2.2532076835632324, 1.0, -2.2997844219207764], [-2.2532076835632324, 1.0, -2.2997844219207764], [-2.2532076835632324, 1.0, -2.2997844219207764], [-2.2532076835632324, 1.0, -2.2997844219207764], [-2.2532076835632324, 1.0, -2.2997844219207764], [-2.2532076835632324, 1.0, -2.2999159586073024], [-2.2532076835632324, 1.0, -2.3044425414930383], [-2.2532076835632324, 1.0, -2.312271020839002], [-2.2536038862256182, 1.0, -2.3211554066138564], [-2.2551914610811763, 1.0, -2.3300774478036494], [-2.257189877320065, 1.0, -2.3389276979748232], [-2.259175722543151, 1.0, -2.346672283456328], [-2.2610431776654907, 1.0, -2.354079329092864], [-2.261043071746826, 1.0, -2.356018661535824], [-2.261043071746826, 1.0, -2.3571940424759843], [-2.261043071746826, 1.0, -2.3579802910302003], [-2.261043071746826, 1.0, -2.358765659719092], [-2.261043071746826, 1.0, -2.3595504612535523], [-2.261043071746826, 1.0, -2.360336840609192], [-2.261043071746826, 1.0, -2.361116675960779], [-2.261043071746826, 1.0, -2.3613781562968765], [-2.261043071746826, 1.0, -2.3613781929016113], [-2.261043071746826, 1.0, -2.3613781929016113], [-2.261043071746826, 1.0, -2.3613781929016113], [-2.261043071746826, 1.0, -2.3613781929016113], [-2.261043071746826, 1.0, -2.3613781929016113], [-2.261043071746826, 1.0, -2.3613781929016113], [-2.2627684430655446, 1.0, -2.3613781929016113], [-2.2732436958738074, 1.0, -2.362034946809694], [-2.287413331042027, 1.0, -2.364135658287486], [-2.3026540193629983, 1.0, -2.3676533960324773], [-2.319269268218201, 1.0, -2.3721711143571764], [-2.3355057494996694, 1.0, -2.3769370649846486], [-2.35204384166105, 1.0, -2.3817915655659543], [-2.3687629139226023, 1.0, -2.386699114166081], [-2.383239587186103, 1.0, -2.3908753593486702], [-2.3917541919726997, 1.0, -2.391534296833298], [-2.391754150390625, 1.0, -2.3915343284606934], [-2.391754150390625, 1.0, -2.3915343284606934], [-2.391754150390625, 1.0, -2.3915343284606934], [-2.391754150390625, 1.0, -2.3915343284606934], [-2.391754150390625, 1.0, -2.3915343284606934], [-2.391754150390625, 1.0, -2.3915343284606934], [-2.391754150390625, 1.0, -2.3915343284606934], [-2.391754150390625, 1.0, -2.3915343284606934], [-2.391754150390625, 1.0, -2.3915343284606934], [-2.391754150390625, 1.0, -2.3915343284606934], [-2.391754150390625, 1.0, -2.3915343284606934], [-2.391754150390625, 1.0, -2.3915343284606934], [-2.391754150390625, 1.0, -2.3915343284606934], [-2.391754150390625, 1.0, -2.3915343284606934], [-2.391754150390625, 1.0, -2.3915343284606934], [-2.391754150390625, 1.0, -2.3915343284606934], [-2.391754150390625, 1.0, -2.3915343284606934], [-2.391754150390625, 1.0, -2.3915343284606934], [-2.391754150390625, 1.0, -2.3915343284606934], [-2.39135516160486, 1.0, -2.3915343284606934], [-2.3866279482801516, 1.0, -2.3915343284606934], [-2.3802922959209334, 1.0, -2.3915343284606934], [-2.373941616558659, 1.0, -2.3915343284606934], [-2.3675641671674503, 1.0, -2.3915343284606934], [-2.3612504260455807, 1.0, -2.3915343284606934], [-2.3549047665085534, 1.0, -2.3915343284606934], [-2.3485496570538893, 1.0, -2.3915343284606934], [-2.342185249274639, 1.0, -2.3915343284606934], [-2.3356753716058583, 1.0, -2.3915343284606934], [-2.329348236613037, 1.0, -2.3915343284606934], [-2.322982328385783, 1.0, -2.3915343284606934], [-2.316661474469347, 1.0, -2.3915343284606934], [-2.310341013760906, 1.0, -2.3915343284606934], [-2.3040124004156053, 1.0, -2.3915343284606934], [-2.2976599315197603, 1.0, -2.3915343284606934], [-2.2913047151542125, 1.0, -2.3915343284606934], [-2.2849680605943887, 1.0, -2.3915343284606934], [-2.2784882592328324, 1.0, -2.3915343284606934], [-2.2718674600396436, 1.0, -2.3910071883770483], [-2.265528776871755, 1.0, -2.3881234905233417], [-2.2606179376830875, 1.0, -2.3846988797805375], [-2.2583714722077777, 1.0, -2.381155971824108], [-2.2571539681797157, 1.0, -2.377799061216753], [-2.2571539878845215, 1.0, -2.374709008123013], [-2.2571539878845215, 1.0, -2.3715631212284607], [-2.2571539878845215, 1.0, -2.3684172635025464], [-2.2571539878845215, 1.0, -2.364897744945044], [-2.2571539878845215, 1.0, -2.3609148233264805], [-2.255720492751172, 1.0, -2.356643826753501], [-2.254256120298292, 1.0, -2.3522813854322737], [-2.2527911892985903, 1.0, -2.3479171216609847], [-2.2513560917289857, 1.0, -2.3436414937847125], [-2.2499077754572783, 1.0, -2.339326383029444], [-2.248442948858727, 1.0, -2.334962283369069], [-2.246989236422756, 1.0, -2.3306314337520586], [-2.245931681924193, 1.0, -2.3264317471803055], [-2.244882593164646, 1.0, -2.322265901753711], [-2.2438258908523125, 1.0, -2.3180695927787673], [-2.2420945154326324, 1.0, -2.31449938873325], [-2.2392873275299823, 1.0, -2.311447353724867], [-2.2329151270480487, 1.0, -2.309768672576335], [-2.224149913355068, 1.0, -2.3088446989180684], [-2.2154219493707505, 1.0, -2.307924754288061], [-2.206833779312173, 1.0, -2.3050398576633504], [-2.1994762472083256, 1.0, -2.3011283814304595], [-2.1925828771766813, 1.0, -2.297049827977978], [-2.1867866287440423, 1.0, -2.2929974093790637], [-2.1822934964976755, 1.0, -2.2893248324244997], [-2.1801288917075725, 1.0, -2.288463851772999], [-2.180128812789917, 1.0, -2.288463830947876], [-2.180128812789917, 1.0, -2.288463830947876], [-2.180128812789917, 1.0, -2.288463830947876], [-2.180128812789917, 1.0, -2.288463830947876], [-2.180128812789917, 1.0, -2.288463830947876], [-2.180128812789917, 1.0, -2.288463830947876], [-2.180128812789917, 1.0, -2.288463830947876], [-2.180128812789917, 1.0, -2.288463830947876], [-2.180128812789917, 1.0, -2.288463830947876], [-2.180128812789917, 1.0, -2.288463830947876], [-2.180128812789917, 1.0, -2.288463830947876], [-2.180128812789917, 1.0, -2.288463830947876], [-2.180128812789917, 1.0, -2.288463830947876], [-2.180128812789917, 1.0, -2.288463830947876], [-2.180128812789917, 1.0, -2.288463830947876], [-2.180128812789917, 1.0, -2.288463830947876], [-2.180128812789917, 1.0, -2.288463830947876], [-2.180128812789917, 1.0, -2.288463830947876], [-2.180128812789917, 1.0, -2.288463830947876], [-2.180128812789917, 1.0, -2.288463830947876], [-2.180128812789917, 1.0, -2.288463830947876], [-2.180128812789917, 1.0, -2.288463830947876], [-2.180128812789917, 1.0, -2.288463830947876], [-2.180128812789917, 1.0, -2.288463830947876], [-2.180128812789917, 1.0, -2.288463830947876], [-2.180128812789917, 1.0, -2.288463830947876], [-2.180128812789917, 1.0, -2.288463830947876], [-2.180128812789917, 1.0, -2.288463830947876], [-2.180128812789917, 1.0, -2.288463830947876], [-2.180128812789917, 1.0, -2.288463830947876], [-2.180128812789917, 1.0, -2.288463830947876], [-2.180128812789917, 1.0, -2.288463830947876]]
##New Trial. Number=2
Goal Position: [-2.0, 0.009999999776482582, -2.0]
Drop Position: [-2.136458158493042, 1.0, -2.1926944255828857]
Hit Position: [-2.1280558109283447, 0.18602529168128967, -2.2540266513824463]
Accuracy: 0.191041231155
Variance: 0.190139818769
[[0.0, 1.0, 0.0], [0.0, 1.0, 0.0], [0.0, 1.0, 0.0], [0.0, 1.0, 0.0], [0.0, 1.0, 0.0], [0.0, 1.0, 0.0], [0.0, 1.0, 0.0], [0.0, 1.0, 0.0], [0.0, 1.0, 0.0], [0.0, 1.0, 0.0], [0.0, 1.0, 0.0], [0.0, 1.0, 0.0], [0.0, 1.0, 0.0], [0.0, 1.0, 0.0], [0.0, 1.0, 0.0], [0.0, 1.0, 0.0], [0.0, 1.0, 0.0], [0.0, 1.0, 0.0], [0.0, 1.0, 0.0], [0.0, 1.0, 0.0], [-0.0013284520916841702, 1.0, -0.0006575166294070105], [-0.0034314763675005033, 1.0, -0.0030023686126872916], [-0.006324967723215486, 1.0, -0.007305361616708635], [-0.01070057488633163, 1.0, -0.012301828592564696], [-0.01902771980188704, 1.0, -0.020298731261062616], [-0.02879096343973883, 1.0, -0.03089870920772697], [-0.043869225120763466, 1.0, -0.046248783490552864], [-0.06261348851379835, 1.0, -0.06301090950684986], [-0.0818823147988963, 1.0, -0.08291656410034773], [-0.10115081967730385, 1.0, -0.1041252135833886], [-0.12054072418894414, 1.0, -0.12612608655767418], [-0.13986818105757196, 1.0, -0.14845124254260264], [-0.1591826535583767, 1.0, -0.1707613968050422], [-0.1783007844286967, 1.0, -0.19284476038924336], [-0.19760675872169522, 1.0, -0.2151451111185536], [-0.21716652231691846, 1.0, -0.2377386110826508], [-0.23636559252761408, 1.0, -0.2603067336970027], [-0.2555356749916932, 1.0, -0.28284080948931967], [-0.2741979016180207, 1.0, -0.3061144628571411], [-0.29192021015930203, 1.0, -0.329035623541017], [-0.3097473762986903, 1.0, -0.3520923860550439], [-0.32705715517372513, 1.0, -0.37529395693180856], [-0.34383589933500036, 1.0, -0.398491335952226], [-0.3594398160571679, 1.0, -0.4222349305631213], [-0.37465279956569103, 1.0, -0.446513189787316], [-0.38742788321980487, 1.0, -0.473311604909374], [-0.3987702707948334, 1.0, -0.5010480000509978], [-0.4080115810724897, 1.0, -0.5290743569383587], [-0.41690010785192544, 1.0, -0.5573710313203772], [-0.4253153519234987, 1.0, -0.5855448289460633], [-0.43345168789507305, 1.0, -0.6143908914991014], [-0.44142959303842133, 1.0, -0.642675299690825], [-0.4494989201418655, 1.0, -0.6712838003309622], [-0.45756909148053326, 1.0, -0.69989526137741], [-0.46489422652136475, 1.0, -0.7288297579704744], [-0.47098057920441955, 1.0, -0.7575761524749836], [-0.47613807145810555, 1.0, -0.7865700365821162], [-0.48020888502109466, 1.0, -0.8154832838609113], [-0.48338460045077264, 1.0, -0.8446158402093674], [-0.4853619735856718, 1.0, -0.8737690615896954], [-0.48736345960546007, 1.0, -0.903278075252773], [-0.4893277806390752, 1.0, -0.9322390215655323], [-0.49142401433081206, 1.0, -0.9631446751420387], [-0.49331297391095913, 1.0, -0.9909943656950178], [-0.49527325147961004, 1.0, -1.0198955602805864], [-0.4972588930273097, 1.0, -1.0491706736893531], [-0.4996358732422295, 1.0, -1.078385293303847], [-0.5040363250735665, 1.0, -1.1074876656681452], [-0.5107435771269221, 1.0, -1.135796309879869], [-0.5202302774850563, 1.0, -1.1632427598620751], [-0.5304989696073581, 1.0, -1.1899654879084798], [-0.5409382149386135, 1.0, -1.2144769689989334], [-0.5527524202265626, 1.0, -1.2383070595841736], [-0.5646414927953224, 1.0, -1.2622881843173055], [-0.5774344157682457, 1.0, -1.2880924733006518], [-0.5886203900121241, 1.0, -1.3106553816076951], [-0.6004213437545192, 1.0, -1.3344587608227059], [-0.6132975067380491, 1.0, -1.358293247989928], [-0.626582084489724, 1.0, -1.3817804925882595], [-0.6407385700084621, 1.0, -1.4050103157331868], [-0.6549726547156386, 1.0, -1.4283675286735653], [-0.6691368455490289, 1.0, -1.4516099234763191], [-0.6862459622752967, 1.0, -1.4787663383608443], [-0.7007436733437313, 1.0, -1.5017776932351257], [-0.7156361371196577, 1.0, -1.5247872277225358], [-0.730584277463206, 1.0, -1.5478827968904345], [-0.7455474875038454, 1.0, -1.5710017045797988], [-0.7604627492367086, 1.0, -1.594046476314411], [-0.7754402916611045, 1.0, -1.6171874878125432], [-0.790360191594157, 1.0, -1.6402394966212965], [-0.805422811909952, 1.0, -1.6635119269797038], [-0.8203631926818689, 1.0, -1.686595532922738], [-0.8351751971066799, 1.0, -1.7094808716140355], [-0.8502308556033888, 1.0, -1.7327425776984149], [-0.8658557947501402, 1.0, -1.7558614572348281], [-0.8813321455561267, 1.0, -1.7787604550371978], [-0.8974815588103233, 1.0, -1.8020621572924098], [-0.9141340376926559, 1.0, -1.8260897604020812], [-0.9293095672216994, 1.0, -1.8479862987775306], [-0.9454299628428282, 1.0, -1.8712462442277613], [-0.9613682123080214, 1.0, -1.894243251360969], [-0.9772708259585258, 1.0, -1.917188893699303], [-0.9932699392841808, 1.0, -1.940273738327229], [-1.0092735726433462, 1.0, -1.9633651890243726], [-1.0252386742019068, 1.0, -1.9864010630809905], [-1.0412410432840749, 1.0, -2.0094907160578592], [-1.0576776589225934, 1.0, -2.032502663822204], [-1.0740807159113617, 1.0, -2.0554676574701105], [-1.0920070628258087, 1.0, -2.0778282861423767], [-1.1102408263996635, 1.0, -2.099847848827703], [-1.1286351527341634, 1.0, -2.1220613589468567], [-1.1473522238834093, 1.0, -2.1435055272672847], [-1.1670192535815587, 1.0, -2.1644461564003548], [-1.1871033432507765, 1.0, -2.1851558540430354], [-1.2077843290950379, 1.0, -2.205408835637378], [-1.228699730199885, 1.0, -2.22459116245107], [-1.2498735494479167, 1.0, -2.2440106223450824], [-1.2707497814858566, 1.0, -2.2612037648558987], [-1.292290460531228, 1.0, -2.278087552848845], [-1.3142835486577493, 1.0, -2.294417097366793], [-1.336862909185501, 1.0, -2.3107549018175497], [-1.359434675618204, 1.0, -2.3263764242605967], [-1.382328998646598, 1.0, -2.3422210575301214], [-1.4048654285189017, 1.0, -2.3578179924916376], [-1.427643127624243, 1.0, -2.373581858943761], [-1.4512860641714282, 1.0, -2.3889117070302617], [-1.4758575304474997, 1.0, -2.4040954104962684], [-1.5009731202139838, 1.0, -2.416229652934074], [-1.5269365312504506, 1.0, -2.427588295133985], [-1.5527598340571558, 1.0, -2.438490201226309], [-1.578655251947727, 1.0, -2.447183489970005], [-1.603525078634492, 1.0, -2.454492567912431], [-1.6278907567749925, 1.0, -2.459299148795361], [-1.6525670061499929, 1.0, -2.4641669360512], [-1.6770014794523884, 1.0, -2.4685961358929323], [-1.7014227542967408, 1.0, -2.472523334346577], [-1.7259618492858655, 1.0, -2.473316345538159], [-1.7496735121589468, 1.0, -2.4733164310455322], [-1.7712889752096228, 1.0, -2.4733164310455322], [-1.7861831236636818, 1.0, -2.4696865904699385], [-1.800769869686962, 1.0, -2.465253361064932], [-1.8154455547391575, 1.0, -2.4607931943286085], [-1.8302222050717065, 1.0, -2.4563023923883684], [-1.8441238418094719, 1.0, -2.4518361275841043], [-1.8546804382010298, 1.0, -2.4488240733333693], [-1.8546804189682007, 1.0, -2.4472480768432114], [-1.8546804189682007, 1.0, -2.4468574644875503], [-1.8546804189682007, 1.0, -2.446857452392578], [-1.8546804189682007, 1.0, -2.446857452392578], [-1.8546804189682007, 1.0, -2.446458320572494], [-1.8546804189682007, 1.0, -2.444456975700403], [-1.8546804189682007, 1.0, -2.4403800778349725], [-1.8546804189682007, 1.0, -2.4346243295157675], [-1.8546804189682007, 1.0, -2.4285676123709665], [-1.8546804189682007, 1.0, -2.4224245288264457], [-1.8546804189682007, 1.0, -2.4161294447941932], [-1.8546804189682007, 1.0, -2.4091440849277177], [-1.8546804189682007, 1.0, -2.4013728636269533], [-1.8546804189682007, 1.0, -2.3898032507111897], [-1.8546804189682007, 1.0, -2.3757249156015883], [-1.8546804189682007, 1.0, -2.3607672930675885], [-1.8546804189682007, 1.0, -2.3440592249436563], [-1.8546804189682007, 1.0, -2.323697611916266], [-1.8546804189682007, 1.0, -2.3020109015058736], [-1.8546804189682007, 1.0, -2.2801154792938196], [-1.8546804189682007, 1.0, -2.25793183066809], [-1.8546804189682007, 1.0, -2.2360660695788535], [-1.8546804189682007, 1.0, -2.214244153327417], [-1.8546804189682007, 1.0, -2.195722355115896], [-1.8546804189682007, 1.0, -2.1863523184717555], [-1.8546804189682007, 1.0, -2.186352252960205], [-1.8546804189682007, 1.0, -2.186352252960205], [-1.8597083032907438, 1.0, -2.186352252960205], [-1.870055268610859, 1.0, -2.186352252960205], [-1.884396599817549, 1.0, -2.186352252960205], [-1.9006583497898941, 1.0, -2.186741713515179], [-1.9171047371653605, 1.0, -2.1871357098497137], [-1.9348009059738882, 1.0, -2.1890995881950133], [-1.95297656727711, 1.0, -2.1931483370332825], [-1.971420501791042, 1.0, -2.198716320749741], [-1.990173304390075, 1.0, -2.2049165102291792], [-2.0091866455586675, 1.0, -2.2121999673645045], [-2.0286684085334272, 1.0, -2.2196419084072025], [-2.0485778194396262, 1.0, -2.227358026523053], [-2.068689741751912, 1.0, -2.2351527020881705], [-2.0886080226065573, 1.0, -2.2428722282160316], [-2.108626067620041, 1.0, -2.2491425079770497], [-2.128727749806789, 1.0, -2.2527066014808192], [-2.142874272337954, 1.0, -2.252706527709961], [-2.14767674181671, 1.0, -2.252706527709961], [-2.147676706314087, 1.0, -2.252706527709961], [-2.147676706314087, 1.0, -2.252706527709961], [-2.147676706314087, 1.0, -2.252706527709961], [-2.147676706314087, 1.0, -2.252706527709961], [-2.147676706314087, 1.0, -2.252706527709961], [-2.147676706314087, 1.0, -2.252706527709961], [-2.147676706314087, 1.0, -2.252706527709961], [-2.147676706314087, 1.0, -2.252178080025788], [-2.147676706314087, 1.0, -2.2513926721671695], [-2.147676706314087, 1.0, -2.2495362905780634], [-2.147676706314087, 1.0, -2.2393840789667645], [-2.147676706314087, 1.0, -2.224017909100444], [-2.1451770112011346, 1.0, -2.2012974199080415], [-2.1426482527617403, 1.0, -2.1779143975523656], [-2.140161976747993, 1.0, -2.1549254322259537], [-2.1380348214997227, 1.0, -2.1318384417639242], [-2.1368252551242253, 1.0, -2.1128983584471275], [-2.136169591848721, 1.0, -2.0992131832741223], [-2.136169672012329, 1.0, -2.0886465135266814], [-2.136169672012329, 1.0, -2.0812699185861523], [-2.136169672012329, 1.0, -2.0754726870282862], [-2.136169672012329, 1.0, -2.070507914123425], [-2.136169672012329, 1.0, -2.066150067160507], [-2.136169672012329, 1.0, -2.0641848132776603], [-2.136169672012329, 1.0, -2.0641849040985107], [-2.136169672012329, 1.0, -2.0641849040985107], [-2.136169672012329, 1.0, -2.0641849040985107], [-2.136169672012329, 1.0, -2.0641849040985107], [-2.136169672012329, 1.0, -2.0641849040985107], [-2.136169672012329, 1.0, -2.0641849040985107], [-2.1381455473964, 1.0, -2.0641849040985107], [-2.140271200775781, 1.0, -2.0641849040985107], [-2.142648959154467, 1.0, -2.0641849040985107], [-2.146885859204552, 1.0, -2.0641849040985107], [-2.151509412892888, 1.0, -2.0644461622592183], [-2.156136657636877, 1.0, -2.064707672061777], [-2.160766999560959, 1.0, -2.0649693932109336], [-2.165397805884286, 1.0, -2.0652309654641896], [-2.169990282058455, 1.0, -2.0654903448869173], [-2.1746191122224436, 1.0, -2.066801052759797], [-2.1783793618934673, 1.0, -2.070262870474779], [-2.1802110946442617, 1.0, -2.0744137690782165], [-2.181659619555983, 1.0, -2.0787232639789206], [-2.182723266937711, 1.0, -2.0829392013606056], [-2.1827232837677, 1.0, -2.0834640062056526], [-2.1827232837677, 1.0, -2.0834639072418213], [-2.1827232837677, 1.0, -2.0834639072418213], [-2.1827232837677, 1.0, -2.0834639072418213], [-2.1827232837677, 1.0, -2.0834639072418213], [-2.1827232837677, 1.0, -2.0834639072418213], [-2.1827232837677, 1.0, -2.0834639072418213], [-2.1827232837677, 1.0, -2.0834639072418213], [-2.1827232837677, 1.0, -2.0834639072418213], [-2.1827232837677, 1.0, -2.0834639072418213], [-2.1827232837677, 1.0, -2.0834639072418213], [-2.1827232837677, 1.0, -2.0834639072418213], [-2.1827232837677, 1.0, -2.0835937467025483], [-2.1827232837677, 1.0, -2.083725054755941], [-2.1827232837677, 1.0, -2.0838548622855537], [-2.1827232837677, 1.0, -2.08398532341315], [-2.1827232837677, 1.0, -2.084115630401315], [-2.1827232837677, 1.0, -2.0842461432160677], [-2.181526863777882, 1.0, -2.084641076033135], [-2.1800840779683406, 1.0, -2.086332952018647], [-2.17862127526437, 1.0, -2.088444351989248], [-2.177168580421892, 1.0, -2.0905411097489472], [-2.175725410284458, 1.0, -2.092624268047499], [-2.1742599623913077, 1.0, -2.094739519833407], [-2.1728042561027174, 1.0, -2.0968405478331356], [-2.1714906032169337, 1.0, -2.0993183618220916], [-2.170166594676661, 1.0, -2.1026043073204064], [-2.1696432231699982, 1.0, -2.106245513886594], [-2.1696431636810303, 1.0, -2.1099528619677432], [-2.1696431636810303, 1.0, -2.1136079222828847], [-2.1696431636810303, 1.0, -2.1176963260711696], [-2.1696431636810303, 1.0, -2.121747070603661], [-2.1696431636810303, 1.0, -2.1260763241445018], [-2.1696431636810303, 1.0, -2.1303677929735643], [-2.1696431636810303, 1.0, -2.135124420616006], [-2.1696431636810303, 1.0, -2.1398128240208005], [-2.1696431636810303, 1.0, -2.144544574791027], [-2.1696431636810303, 1.0, -2.1492458069666234], [-2.1696431636810303, 1.0, -2.1539904323401227], [-2.1696431636810303, 1.0, -2.1586958659842015], [-2.1696431636810303, 1.0, -2.1634482032833082], [-2.1696431636810303, 1.0, -2.1681731214293123], [-2.1696431636810303, 1.0, -2.1728532692740656], [-2.1696431636810303, 1.0, -2.1775730047941066], [-2.169246144754271, 1.0, -2.182300068395682], [-2.167997225772199, 1.0, -2.187118307278651], [-2.1650232995325664, 1.0, -2.189291687784101], [-2.1594634690011953, 1.0, -2.1892917156219482], [-2.1526872410891085, 1.0, -2.1892917156219482], [-2.1459729194748807, 1.0, -2.1892917156219482], [-2.13923117902898, 1.0, -2.1892917156219482], [-2.1324498054816, 1.0, -2.1892917156219482], [-2.125725701671674, 1.0, -2.1892917156219482], [-2.118601565857919, 1.0, -2.1892917156219482], [-2.1098706321922944, 1.0, -2.1892917156219482], [-2.0997492835721787, 1.0, -2.1892917156219482], [-2.0859306406904783, 1.0, -2.1892917156219482], [-2.0667083486016744, 1.0, -2.1892917156219482], [-2.04527252197011, 1.0, -2.1892917156219482], [-2.0233578311125364, 1.0, -2.1892917156219482], [-2.0010524454476637, 1.0, -2.1892917156219482], [-1.9790507652424363, 1.0, -2.1892917156219482], [-1.9570362287628469, 1.0, -2.1892917156219482], [-1.9427835557555464, 1.0, -2.1892917156219482], [-1.9345090271350167, 1.0, -2.1892917156219482], [-1.934509038925171, 1.0, -2.1892917156219482], [-1.934509038925171, 1.0, -2.1892917156219482], [-1.934509038925171, 1.0, -2.1892917156219482], [-1.934509038925171, 1.0, -2.1892917156219482], [-1.934509038925171, 1.0, -2.1892917156219482], [-1.934509038925171, 1.0, -2.1892917156219482], [-1.934509038925171, 1.0, -2.1892917156219482], [-1.9371624599837103, 1.0, -2.1892917156219482], [-1.9456066814668538, 1.0, -2.1892917156219482], [-1.9559109615661043, 1.0, -2.1892917156219482], [-1.966255211384215, 1.0, -2.1892917156219482], [-1.9766032150855009, 1.0, -2.1892917156219482], [-1.9868525381293762, 1.0, -2.1892917156219482], [-1.9972024221668567, 1.0, -2.1892917156219482], [-2.0074788902737564, 1.0, -2.1892917156219482], [-2.0177589161835936, 1.0, -2.1892917156219482], [-2.0282766313113547, 1.0, -2.1892917156219482], [-2.0383868877446027, 1.0, -2.1895480737539432], [-2.048700416810835, 1.0, -2.189809530939017], [-2.0593513082480777, 1.0, -2.1900796308665518], [-2.066316626091394, 1.0, -2.190079689025879], [-2.066316604614258, 1.0, -2.190079689025879], [-2.066316604614258, 1.0, -2.190079689025879], [-2.066316604614258, 1.0, -2.190079689025879], [-2.066316604614258, 1.0, -2.190079689025879], [-2.066316604614258, 1.0, -2.190079689025879], [-2.066316604614258, 1.0, -2.190079689025879], [-2.066316604614258, 1.0, -2.190079689025879], [-2.066316604614258, 1.0, -2.190079689025879], [-2.066316604614258, 1.0, -2.190079689025879], [-2.066316604614258, 1.0, -2.190079689025879], [-2.066316604614258, 1.0, -2.190079689025879], [-2.0685978089164174, 1.0, -2.190079689025879], [-2.0776951050799632, 1.0, -2.190209697196924], [-2.087856831278149, 1.0, -2.190601526534757], [-2.098349860865085, 1.0, -2.1911212131005344], [-2.1089707352868814, 1.0, -2.1916470576372946], [-2.1195277874292384, 1.0, -2.192169850574131], [-2.1301191790114697, 1.0, -2.1926943969648076], [-2.1364582604176663, 1.0, -2.1926944255828857], [-2.136458158493042, 1.0, -2.1926944255828857], [-2.136458158493042, 1.0, -2.1926944255828857], [-2.136458158493042, 1.0, -2.1926944255828857], [-2.136458158493042, 1.0, -2.1926944255828857], [-2.136458158493042, 1.0, -2.1926944255828857], [-2.136458158493042, 1.0, -2.1926944255828857], [-2.136458158493042, 1.0, -2.1926944255828857], [-2.136458158493042, 1.0, -2.1926944255828857], [-2.136458158493042, 1.0, -2.1926944255828857], [-2.136458158493042, 1.0, -2.1926944255828857], [-2.136458158493042, 1.0, -2.1926944255828857], [-2.136458158493042, 1.0, -2.1926944255828857], [-2.136458158493042, 1.0, -2.1926944255828857], [-2.136458158493042, 1.0, -2.1926944255828857], [-2.136458158493042, 1.0, -2.1926944255828857], [-2.136458158493042, 1.0, -2.1926944255828857], [-2.136458158493042, 1.0, -2.1926944255828857], [-2.136458158493042, 1.0, -2.1926944255828857], [-2.136458158493042, 1.0, -2.1926944255828857], [-2.136458158493042, 1.0, -2.1926944255828857], [-2.136458158493042, 1.0, -2.1926944255828857], [-2.136458158493042, 1.0, -2.1926944255828857], [-2.136458158493042, 1.0, -2.1926944255828857], [-2.136458158493042, 1.0, -2.1926944255828857], [-2.136458158493042, 1.0, -2.1926944255828857], [-2.136458158493042, 1.0, -2.1926944255828857], [-2.136458158493042, 1.0, -2.1926944255828857], [-2.136458158493042, 1.0, -2.1926944255828857], [-2.136458158493042, 1.0, -2.1926944255828857], [-2.136458158493042, 1.0, -2.1926944255828857], [-2.136458158493042, 1.0, -2.1926944255828857], [-2.136458158493042, 1.0, -2.1926944255828857], [-2.136458158493042, 1.0, -2.1926944255828857]]
Mean Variance: 0.159271803423
Mean accuracy: 0.191041231155
NumberOfTrials: 2


###New Block of trials: 3D=True, Intro=False, training=True, joystick=True
##New Trial. Number=3
Goal Position: [-2.0, 0.009999999776482582, -2.0]
Drop Position: [-2.0671560764312744, 1.0, -2.1314260959625244]
Hit Position: [-1.9966912269592285, 0.18602529168128967, -2.071424722671509]
Accuracy: 0.0373667478561
Variance: 0.0427911309375
[[0.0, 1.0, 0.0], [0.0, 1.0, 0.0], [0.0, 1.0, 0.0], [0.0, 1.0, 0.0], [0.0, 1.0, 0.0], [0.0, 1.0, 0.0], [0.0, 1.0, 0.0], [0.0, 1.0, 0.0], [0.0, 1.0, 0.0], [0.0, 1.0, 0.0], [0.0, 1.0, 0.0], [0.0, 1.0, 0.0], [0.0, 1.0, 0.0], [0.0, 1.0, 0.0], [0.0, 1.0, 0.0], [0.0, 1.0, 0.0], [0.0, 1.0, 0.0], [0.0, 1.0, 0.0], [0.0, 1.0, 0.0], [0.0, 1.0, 0.0], [0.0, 1.0, 0.0], [0.0, 1.0, 0.0], [0.0, 1.0, 0.0], [0.0, 1.0, 0.0], [0.0, 1.0, 0.0], [0.0, 1.0, 0.0], [0.0, 1.0, 0.0], [0.0, 1.0, 0.0], [0.0, 1.0, 0.0], [0.0, 1.0, 0.0], [0.0, 1.0, 0.0], [-0.0011830495391569962, 1.0, -0.0006506521374906926], [-0.004262451402925381, 1.0, -0.002375699168865752], [-0.01137052101907244, 1.0, -0.006944275695106714], [-0.02155119219167976, 1.0, -0.014550275216257708], [-0.0382399798425911, 1.0, -0.025107367839712263], [-0.05879948167308418, 1.0, -0.03888028886602096], [-0.08077201047478448, 1.0, -0.05402004445605043], [-0.10325196267049852, 1.0, -0.06976120441153888], [-0.12596791049052608, 1.0, -0.0864005942353273], [-0.14852317965925388, 1.0, -0.1029222914359449], [-0.17133918041418902, 1.0, -0.11963497105411416], [-0.19420991716758873, 1.0, -0.1363877443572006], [-0.21683758375120976, 1.0, -0.15296247712490543], [-0.2395729534874329, 1.0, -0.16961609500416197], [-0.2624242684015196, 1.0, -0.18635463511267725], [-0.2850819413794999, 1.0, -0.2029513501628545], [-0.307913842175362, 1.0, -0.21967567711709293], [-0.3308668144212329, 1.0, -0.23731250871571447], [-0.3537576316038865, 1.0, -0.2572638034937002], [-0.37665790929305004, 1.0, -0.27722335753583577], [-0.3992445258100134, 1.0, -0.2975330939533427], [-0.4217106059420886, 1.0, -0.31773445703811], [-0.4442749054821923, 1.0, -0.33853857979405827], [-0.46662862604535765, 1.0, -0.3591485713665562], [-0.48885478999058096, 1.0, -0.38027768574656057], [-0.5112953708252395, 1.0, -0.40161065957913866], [-0.5329654504483808, 1.0, -0.4227164916742456], [-0.5547066321874541, 1.0, -0.4438916035223114], [-0.5762278842658283, 1.0, -0.46563520591308183], [-0.5983283088994715, 1.0, -0.4887993843990701], [-0.6183835630124094, 1.0, -0.5098199930277914], [-0.6404393448562276, 1.0, -0.533958049439309], [-0.6604610134256764, 1.0, -0.5563030854218022], [-0.680679812599997, 1.0, -0.5788680881996671], [-0.7007571319222462, 1.0, -0.6012752088742159], [-0.7207398194333724, 1.0, -0.6235766787130355], [-0.7408405802626716, 1.0, -0.6460099393893499], [-0.7609496148185722, 1.0, -0.6684524481727744], [-0.7809936583409652, 1.0, -0.6908224096871587], [-0.8010917786681483, 1.0, -0.7132527588803509], [-0.8212440200127831, 1.0, -0.7357434875786958], [-0.8412219939391765, 1.0, -0.758039711953423], [-0.8613476923417849, 1.0, -0.7805008139375653], [-0.8817896070934782, 1.0, -0.8033148530949523], [-0.9016698363299307, 1.0, -0.8255019860913205], [-0.9427378428024524, 1.0, -0.8713355108295175], [-0.9619569680267254, 1.0, -0.8927848566219947], [-0.9820223490819152, 1.0, -0.9151786009762104], [-1.0021022794182588, 1.0, -0.9375886170672358], [-1.0221717879487697, 1.0, -0.9599870428965401], [-1.0422745550099657, 1.0, -0.9824226048971607], [-1.0623685716624127, 1.0, -1.0048482829100382], [-1.0825982385407693, 1.0, -1.027425435878326], [-1.10252419080848, 1.0, -1.04966361075706], [-1.1227044771588626, 1.0, -1.0721857127884655], [-1.1427943223860166, 1.0, -1.094606803708677], [-1.1627936877623974, 1.0, -1.1169268051513443], [-1.182744583088556, 1.0, -1.1391928540072151], [-1.202805312467118, 1.0, -1.1615813624766431], [-1.222964271944947, 1.0, -1.1840796478612559], [-1.2430098938150438, 1.0, -1.2064513564546246], [-1.2630622933454785, 1.0, -1.2288306714536812], [-1.2831666182733508, 1.0, -1.251267997110641], [-1.3033974135670063, 1.0, -1.2738463842156535], [-1.3233665677281505, 1.0, -1.296132768868726], [-1.3434329342491478, 1.0, -1.3185277309617973], [-1.3635950152167164, 1.0, -1.3410294321127454], [-1.3835990069623472, 1.0, -1.3633546777680479], [-1.4036009605597755, 1.0, -1.3856776332357266], [-1.4236871068545813, 1.0, -1.4080945617413176], [-1.4438284078880812, 1.0, -1.4305730403249943], [-1.4638839526786451, 1.0, -1.4529557248320581], [-1.4839836945888472, 1.0, -1.4753878005803682], [-1.5040438060277606, 1.0, -1.4977757740768696], [-1.524148197100255, 1.0, -1.5202130950339199], [-1.543474684466591, 1.0, -1.542931000978485], [-1.5614080117142228, 1.0, -1.5658234939868674], [-1.579412114167187, 1.0, -1.5888062632496778], [-1.5968799502752542, 1.0, -1.6120420903852446], [-1.6136443642746336, 1.0, -1.6356123643822296], [-1.6284638787035783, 1.0, -1.6602887246819247], [-1.6399605561995385, 1.0, -1.6882130097382841], [-1.6485305712706235, 1.0, -1.7163322998881658], [-1.6547492785727678, 1.0, -1.745209211622705], [-1.659387427766719, 1.0, -1.774260101544305], [-1.6640429901286848, 1.0, -1.8034197080936716], [-1.6686729585132476, 1.0, -1.832419579833137], [-1.6732578928420379, 1.0, -1.8611374279366795], [-1.6778799309033199, 1.0, -1.8900869971225607], [-1.6825130525201522, 1.0, -1.9191063843975422], [-1.6871636086573165, 1.0, -1.9482352698980743], [-1.6917891685596034, 1.0, -1.9772073864552575], [-1.6963857419476636, 1.0, -2.005997986077657], [-1.701033356943981, 1.0, -2.0351080467521747], [-1.7060315858356514, 1.0, -2.06302690374799], [-1.7142269931321164, 1.0, -2.0874161755747505], [-1.723714172992268, 1.0, -2.1101590182184813], [-1.7343745759533924, 1.0, -2.1317059445304274], [-1.748118024891067, 1.0, -2.1481962292462753], [-1.7630282919563673, 1.0, -2.1629863005576686], [-1.7785942348603034, 1.0, -2.174239760626555], [-1.7950143168271664, 1.0, -2.184484606084573], [-1.8130029767851, 1.0, -2.1935373562959075], [-1.832605473307788, 1.0, -2.2009757799878473], [-1.8534994843111832, 1.0, -2.2056968898603118], [-1.874968120353172, 1.0, -2.2101648415197084], [-1.8974144949377219, 1.0, -2.2138744097785277], [-1.9205674601483262, 1.0, -2.2166937022221798], [-1.942257153301209, 1.0, -2.218328370628187], [-1.9650254927628972, 1.0, -2.2193780553750067], [-1.9877512029857343, 1.0, -2.2200286805735696], [-2.010842434728822, 1.0, -2.220291122007607], [-2.0351057519127744, 1.0, -2.2202911376953125], [-2.0579797611375077, 1.0, -2.2202911376953125], [-2.081786898840967, 1.0, -2.2202911376953125], [-2.1058584087781265, 1.0, -2.2202911376953125], [-2.129615854885921, 1.0, -2.2202911376953125], [-2.1535151430662864, 1.0, -2.2202911376953125], [-2.1741437280204066, 1.0, -2.2202911376953125], [-2.1881677993792468, 1.0, -2.2202911376953125], [-2.1961551882741097, 1.0, -2.2202911376953125], [-2.197484139753643, 1.0, -2.2202911376953125], [-2.197484254837036, 1.0, -2.2202911376953125], [-2.197484254837036, 1.0, -2.2202911376953125], [-2.197484254837036, 1.0, -2.2202911376953125], [-2.197484254837036, 1.0, -2.2202911376953125], [-2.197484254837036, 1.0, -2.2202911376953125], [-2.197484254837036, 1.0, -2.2202911376953125], [-2.197484254837036, 1.0, -2.2202911376953125], [-2.197484254837036, 1.0, -2.2202911376953125], [-2.197484254837036, 1.0, -2.2202911376953125], [-2.197484254837036, 1.0, -2.2202911376953125], [-2.197484254837036, 1.0, -2.2202911376953125], [-2.197484254837036, 1.0, -2.2202911376953125], [-2.197484254837036, 1.0, -2.2202911376953125], [-2.197484254837036, 1.0, -2.2202911376953125], [-2.197484254837036, 1.0, -2.2202911376953125], [-2.197484254837036, 1.0, -2.2202911376953125], [-2.197484254837036, 1.0, -2.2202911376953125], [-2.197484254837036, 1.0, -2.2202911376953125], [-2.197484254837036, 1.0, -2.2202911376953125], [-2.197484254837036, 1.0, -2.2202911376953125], [-2.197484254837036, 1.0, -2.2202911376953125], [-2.197484254837036, 1.0, -2.2202911376953125], [-2.197484254837036, 1.0, -2.2202911376953125], [-2.197484254837036, 1.0, -2.2202911376953125], [-2.197484254837036, 1.0, -2.2202911376953125], [-2.197484254837036, 1.0, -2.2202911376953125], [-2.197484254837036, 1.0, -2.2202911376953125], [-2.197484254837036, 1.0, -2.2202911376953125], [-2.197484254837036, 1.0, -2.2202911376953125], [-2.197484254837036, 1.0, -2.2202911376953125], [-2.197086538251879, 1.0, -2.2202911376953125], [-2.1960330809027484, 1.0, -2.2202911376953125], [-2.1949843517726944, 1.0, -2.2202911376953125], [-2.1939230101349416, 1.0, -2.2202911376953125], [-2.1927366742013694, 1.0, -2.2202911376953125], [-2.191538697188155, 1.0, -2.2202911376953125], [-2.190346823863661, 1.0, -2.2202911376953125], [-2.189163381716092, 1.0, -2.2202911376953125], [-2.18796979713876, 1.0, -2.2202911376953125], [-2.186785301772734, 1.0, -2.2202911376953125], [-2.1855899709620696, 1.0, -2.2202911376953125], [-2.1844019516651394, 1.0, -2.2202911376953125], [-2.1832184065801346, 1.0, -2.2202911376953125], [-2.1820224901647935, 1.0, -2.2202911376953125], [-2.180304689945507, 1.0, -2.2202911376953125], [-2.177988859794645, 1.0, -2.2202911376953125], [-2.175403617847779, 1.0, -2.2202911376953125], [-2.1727370195725624, 1.0, -2.2202911376953125], [-2.170251008236838, 1.0, -2.2202911376953125], [-2.1677368359440328, 1.0, -2.2202911376953125], [-2.165227260944838, 1.0, -2.2202911376953125], [-2.1626960921156844, 1.0, -2.2202911376953125], [-2.1601833661187357, 1.0, -2.2202911376953125], [-2.1574055501441163, 1.0, -2.2202911376953125], [-2.1546362839269975, 1.0, -2.2202911376953125], [-2.1518609459535942, 1.0, -2.2201595144725816], [-2.1490953569950735, 1.0, -2.220028374153854], [-2.1463070727033924, 1.0, -2.2198961707810794], [-2.1435515252652153, 1.0, -2.219765401988238], [-2.140776222792804, 1.0, -2.219633804912502], [-2.1379913095795726, 1.0, -2.2195017481540966], [-2.135205503014995, 1.0, -2.2189735040291554], [-2.1324228146002078, 1.0, -2.218445781395614], [-2.129669038152133, 1.0, -2.217923623036434], [-2.126886402031067, 1.0, -2.217396051633507], [-2.1241236459107298, 1.0, -2.216872190669473], [-2.121332906676018, 1.0, -2.216343086544881], [-2.1185903482509643, 1.0, -2.2158231616798725], [-2.115822460741088, 1.0, -2.213467684764108], [-2.113053725570383, 1.0, -2.209018405450063], [-2.1102772121744415, 1.0, -2.204032116047949], [-2.107506264555095, 1.0, -2.1990560216486585], [-2.1047366569015815, 1.0, -2.194082071239734], [-2.101959189831324, 1.0, -2.1890942497980075], [-2.0991725129442167, 1.0, -2.184089761865923], [-2.0964168385016406, 1.0, -2.179140720640371], [-2.093640004537844, 1.0, -2.1741538083409], [-2.0908627841601577, 1.0, -2.1691661618734757], [-2.088095072340869, 1.0, -2.1641957324946364], [-2.08531759591648, 1.0, -2.159207617041455], [-2.08254404236312, 1.0, -2.1542266480710888], [-2.0797717402678595, 1.0, -2.149247800280913], [-2.076996032673296, 1.0, -2.1442630800575593], [-2.0742023323934915, 1.0, -2.139245842978185], [-2.070874791764267, 1.0, -2.134056022096507], [-2.0687628480024913, 1.0, -2.1319593562758596], [-2.0671560398656124, 1.0, -2.131426073516983], [-2.0671560764312744, 1.0, -2.1314260959625244], [-2.0671560764312744, 1.0, -2.1314260959625244], [-2.0671560764312744, 1.0, -2.1314260959625244], [-2.0671560764312744, 1.0, -2.1314260959625244], [-2.0671560764312744, 1.0, -2.1314260959625244], [-2.0671560764312744, 1.0, -2.1314260959625244], [-2.0671560764312744, 1.0, -2.1314260959625244], [-2.0671560764312744, 1.0, -2.1314260959625244], [-2.0671560764312744, 1.0, -2.1314260959625244], [-2.0671560764312744, 1.0, -2.1314260959625244], [-2.0671560764312744, 1.0, -2.1314260959625244], [-2.0671560764312744, 1.0, -2.1314260959625244], [-2.0671560764312744, 1.0, -2.1314260959625244], [-2.0671560764312744, 1.0, -2.1314260959625244], [-2.0671560764312744, 1.0, -2.1314260959625244], [-2.0671560764312744, 1.0, -2.1314260959625244], [-2.0671560764312744, 1.0, -2.1314260959625244], [-2.0671560764312744, 1.0, -2.1314260959625244], [-2.0671560764312744, 1.0, -2.1314260959625244], [-2.0671560764312744, 1.0, -2.1314260959625244], [-2.0671560764312744, 1.0, -2.1314260959625244], [-2.0671560764312744, 1.0, -2.1314260959625244], [-2.0671560764312744, 1.0, -2.1314260959625244], [-2.0671560764312744, 1.0, -2.1314260959625244], [-2.0671560764312744, 1.0, -2.1314260959625244], [-2.0671560764312744, 1.0, -2.1314260959625244], [-2.0671560764312744, 1.0, -2.1314260959625244], [-2.0671560764312744, 1.0, -2.1314260959625244]]
##New Trial. Number=4
Goal Position: [2.0, 0.009999999776482582, 2.0]
Drop Position: [0.8708238005638123, 1.0, 0.8755962252616882]
Hit Position: [-1.9966912269592285, 0.18602529168128967, -2.071424722671509]
Accuracy: 4.03405797482
Variance: 0.101011835066
[[0.0, 1.0, 0.0], [0.0, 1.0, 0.0], [0.0, 1.0, 0.0], [0.0, 1.0, 0.0], [0.0, 1.0, 0.0], [0.0, 1.0, 0.0], [0.0, 1.0, 0.0], [0.0, 1.0, 0.0], [0.0, 1.0, 0.0], [0.0, 1.0, 0.0], [0.0, 1.0, 0.0], [0.0, 1.0, 0.0], [0.0, 1.0, 0.0], [0.0, 1.0, 0.0], [0.0, 1.0, 0.0], [0.0, 1.0, 0.0], [0.0, 1.0, 0.0], [0.0, 1.0, 0.0], [0.0, 1.0, 0.0], [0.0, 1.0, 0.0], [0.0, 1.0, 0.0], [0.0, 1.0, 0.0], [0.0, 1.0, 0.0], [0.0, 1.0, 0.0], [0.0, 1.0, 0.0], [0.0, 1.0, 0.0], [0.0, 1.0, 0.0], [0.0, 1.0, 0.0], [0.0, 1.0, 0.0], [0.0, 1.0, 0.0], [0.0031949559436606828, 1.0, 0.0007943568160761607], [0.013171768122217209, 1.0, 0.005093135376356788], [0.0320926025872723, 1.0, 0.011395579544742171], [0.05309897196459922, 1.0, 0.01748076844614636], [0.07612234906787307, 1.0, 0.02368772193320124], [0.09904035973830698, 1.0, 0.029866269451030367], [0.12186543156198149, 1.0, 0.03601976108220696], [0.145667046524863, 1.0, 0.042186977770112516], [0.17046640996959733, 1.0, 0.04843678074085038], [0.19649881170519198, 1.0, 0.05489475209440398], [0.22283629476251587, 1.0, 0.061723737235889975], [0.24952783009651286, 1.0, 0.06854160035705562], [0.276268431747162, 1.0, 0.07537199817847601], [0.3029682464160802, 1.0, 0.08219197568078002], [0.3305078703610093, 1.0, 0.08922646878904834], [0.3564812430142815, 1.0, 0.09586088983576423], [0.38297164313499343, 1.0, 0.10301757578685145], [0.4094903727951844, 1.0, 0.11070274143732306], [0.43619365654280867, 1.0, 0.12106363192031104], [0.46290107205570746, 1.0, 0.13181953548462846], [0.4900273822269546, 1.0, 0.14314369144126032], [0.5164872258517114, 1.0, 0.15594627013290643], [0.5434069438398125, 1.0, 0.170549611623557], [0.570441436721238, 1.0, 0.18698409481813072], [0.5974958861753611, 1.0, 0.20403980072922512], [0.6246622103142292, 1.0, 0.22116600938780295], [0.6509449475319381, 1.0, 0.2377352056771717], [0.6777750439348633, 1.0, 0.25464947573378616], [0.7043758931037676, 1.0, 0.27141924378689], [0.7336372245046856, 1.0, 0.2902964696613517], [0.7606340207199128, 1.0, 0.3082403929406106], [0.7874029733408748, 1.0, 0.326425233757655], [0.8144786442748877, 1.0, 0.3451239133204987], [0.8426604821104118, 1.0, 0.36509470772928226], [0.8683284659273431, 1.0, 0.38328408475520614], [0.8951235032170213, 1.0, 0.4025706562427753], [0.922088152713392, 1.0, 0.4219793182978953], [0.9491135452692717, 1.0, 0.44143167246378456], [0.9759283616736047, 1.0, 0.46121979066002766], [1.0029793543613825, 1.0, 0.48118219282737623], [1.029701825814083, 1.0, 0.500902130511593], [1.0557875422261913, 1.0, 0.5214230013740658], [1.08088894025414, 1.0, 0.5430317061966963], [1.1048618254938842, 1.0, 0.5661554306525811], [1.1278303593916574, 1.0, 0.5898597645663115], [1.150087427938927, 1.0, 0.6140570668917563], [1.1732476839899448, 1.0, 0.6402577743685103], [1.2096412878453955, 1.0, 0.6903506944175206], [1.2283397877230118, 1.0, 0.7160876577928869], [1.2430306945238292, 1.0, 0.7424553262409282], [1.2550350692440964, 1.0, 0.7691229860078616], [1.2620910992438696, 1.0, 0.7964681613058868], [1.2673439749795334, 1.0, 0.8234423212019476], [1.2726185532793863, 1.0, 0.8505275475127428], [1.2774324474204963, 1.0, 0.8781241256284149], [1.2816707299860466, 1.0, 0.9055944018644466], [1.2858521666894263, 1.0, 0.9326964733718422], [1.2895580098527226, 1.0, 0.9601440423903315], [1.2927658961499842, 1.0, 0.9878704485896438], [1.2955014231473825, 1.0, 1.015016617760307], [1.2982878269503142, 1.0, 1.0426668384197686], [1.301077385728911, 1.0, 1.070348322658697], [1.3058154093570058, 1.0, 1.095812855089873], [1.3137481958335828, 1.0, 1.1161470581853148], [1.3266343660642672, 1.0, 1.1278783326833501], [1.3403899860629391, 1.0, 1.1389010367672434], [1.3553314077458714, 1.0, 1.1475136402170947], [1.3692079015236727, 1.0, 1.1546578013885442], [1.3830728923714861, 1.0, 1.1609474094327659], [1.3971520874558279, 1.0, 1.166745630737828], [1.4111348202843972, 1.0, 1.1725041183122964], [1.4251509622426415, 1.0, 1.1782762653053969], [1.439243645047618, 1.0, 1.1844768706439235], [1.4509395115614825, 1.0, 1.192692039408136], [1.4602056913639245, 1.0, 1.203724465192622], [1.4678885378369004, 1.0, 1.2160791910775692], [1.4735474464881497, 1.0, 1.2305732988222478], [1.4788359718049688, 1.0, 1.2455297979361841], [1.4841178851256747, 1.0, 1.2604676961007921], [1.4892648855749948, 1.0, 1.2757906206666236], [1.4944189368593872, 1.0, 1.2911345950935007], [1.499559461365194, 1.0, 1.3064381060019403], [1.5047109585907805, 1.0, 1.3217745648428776], [1.5090658383377844, 1.0, 1.3369658575261782], [1.5112042573599627, 1.0, 1.352349618469301], [1.511334932455158, 1.0, 1.367455835783697], [1.5113348960876465, 1.0, 1.3827883446938487], [1.5113348960876465, 1.0, 1.3979953077235063], [1.5113348960876465, 1.0, 1.413335801013635], [1.5113348960876465, 1.0, 1.4287612602784363], [1.5113348960876465, 1.0, 1.444690494585064], [1.5113348960876465, 1.0, 1.4606812637687017], [1.5113348960876465, 1.0, 1.4768424762584036], [1.5113348960876465, 1.0, 1.4922451497790135], [1.5113348960876465, 1.0, 1.5052359826560355], [1.5113348960876465, 1.0, 1.5149446279513128], [1.5113348960876465, 1.0, 1.5199677931497442], [1.5113348960876465, 1.0, 1.519967794418335], [1.5113348960876465, 1.0, 1.519967794418335], [1.5113348960876465, 1.0, 1.519967794418335], [1.5113348960876465, 1.0, 1.519967794418335], [1.5113348960876465, 1.0, 1.519967794418335], [1.5113348960876465, 1.0, 1.519967794418335], [1.5113348960876465, 1.0, 1.519967794418335], [1.5113348960876465, 1.0, 1.519967794418335], [1.5106670113223428, 1.0, 1.519571190128817], [1.5082992334039784, 1.0, 1.5180063287191943], [1.5059061231077193, 1.0, 1.5164246975500428], [1.5031687919442993, 1.0, 1.5147450315716593], [1.5003704905985575, 1.0, 1.5130279320573474], [1.4971428574276566, 1.0, 1.5112952301655138], [1.4939908432467581, 1.0, 1.5096030948433974], [1.4898032471685967, 1.0, 1.5079165506469578], [1.4851941467265593, 1.0, 1.5062195700949639], [1.4771461618847874, 1.0, 1.504519274282867], [1.4686997956125931, 1.0, 1.5028184760796348], [1.4601546861532444, 1.0, 1.5010978281919414], [1.4509832888384149, 1.0, 1.4983697786718064], [1.4411217965301966, 1.0, 1.4948018637337745], [1.430978560858374, 1.0, 1.4904912715933156], [1.418894611974887, 1.0, 1.4858825525307744], [1.404828969999555, 1.0, 1.4811898661274254], [1.3877712777764177, 1.0, 1.473596386539823], [1.37024757366533, 1.0, 1.4659997790648664], [1.3522541472170826, 1.0, 1.4581995162859913], [1.334361859137332, 1.0, 1.4504431488503786], [1.3165264347208299, 1.0, 1.4427114267587726], [1.298713571303805, 1.0, 1.4349895627409703], [1.2808549924071122, 1.0, 1.427247837386651], [1.2631506516766755, 1.0, 1.4195730300723441], [1.2478176959497207, 1.0, 1.4116380168320264], [1.2351523910245583, 1.0, 1.403786462245952], [1.2261910279217143, 1.0, 1.3964664381344316], [1.2191950145670065, 1.0, 1.3914922052480407], [1.214541882933878, 1.0, 1.3870102675953142], [1.2103257923152717, 1.0, 1.3825679237487207], [1.2066043853085908, 1.0, 1.378087286982672], [1.2044967913532494, 1.0, 1.373647873447799], [1.2039693062186316, 1.0, 1.3690710382441376], [1.2039693593978882, 1.0, 1.3635522410900003], [1.2039693593978882, 1.0, 1.355752607260196], [1.2039693593978882, 1.0, 1.347386095771894], [1.2039693593978882, 1.0, 1.3381243598907178], [1.2039693593978882, 1.0, 1.3283783849304178], [1.2039693593978882, 1.0, 1.3181580617825737], [1.2039693593978882, 1.0, 1.3078810014219424], [1.2039693593978882, 1.0, 1.2974105016279491], [1.2039693593978882, 1.0, 1.2865378557826013], [1.2039693593978882, 1.0, 1.2748825880223231], [1.2039693593978882, 1.0, 1.2630370796764068], [1.2039693593978882, 1.0, 1.2525633416210407], [1.2039693593978882, 1.0, 1.241477737401598], [1.2039693593978882, 1.0, 1.2305865624859094], [1.2039693593978882, 1.0, 1.219513169157173], [1.2039693593978882, 1.0, 1.2084398662794416], [1.2039693593978882, 1.0, 1.1972623604620538], [1.2039693593978882, 1.0, 1.1862387198114777], [1.2039693593978882, 1.0, 1.1750359096504797], [1.2039693593978882, 1.0, 1.1639961099895153], [1.2039693593978882, 1.0, 1.152432262448387], [1.2039693593978882, 1.0, 1.1408438719871499], [1.2039693593978882, 1.0, 1.129445808293401], [1.2039693593978882, 1.0, 1.1179321347204012], [1.2039693593978882, 1.0, 1.1062708673300141], [1.2039693593978882, 1.0, 1.095202502519029], [1.2039693593978882, 1.0, 1.0840832600679342], [1.2034402272447622, 1.0, 1.072928645110012], [1.199830743206815, 1.0, 1.0619241523456138], [1.1953230911167507, 1.0, 1.0529825753758657], [1.1900779562836172, 1.0, 1.0440083844828334], [1.1829262236274276, 1.0, 1.0350758505056183], [1.174842649341458, 1.0, 1.0261380710439134], [1.1668417249257454, 1.0, 1.0172916284724216], [1.158785977973523, 1.0, 1.0083845283469504], [1.1506940613362533, 1.0, 0.9994375218571565], [1.1426925153203271, 1.0, 0.9905903798220574], [1.13457230061037, 1.0, 0.9816119424830438], [1.1265116993143836, 1.0, 0.9726995221701613], [1.11811133210476, 1.0, 0.963977486605936], [1.1097215235946756, 1.0, 0.955786431474835], [1.1011860511241656, 1.0, 0.9474531312966445], [1.0919576636801307, 1.0, 0.9393461929636003], [1.0813857612915763, 1.0, 0.9310881838317814], [1.0692248792393388, 1.0, 0.922566511393724], [1.0569358503971953, 1.0, 0.9139550473269829], [1.044897833606055, 1.0, 0.9055193727113192], [1.0328213139251516, 1.0, 0.8970567918101662], [1.0202993470784467, 1.0, 0.8882820813318082], [1.0109702853910514, 1.0, 0.8804431251598379], [1.0030444484351493, 1.0, 0.8755962145871613], [1.0030439853231612, 1.0, 0.8755962252616882], [1.0030440092086792, 1.0, 0.8755962252616882], [1.0030440092086792, 1.0, 0.8755962252616882], [1.0030440092086792, 1.0, 0.8755962252616882], [1.0030440092086792, 1.0, 0.8755962252616882], [1.0030440092086792, 1.0, 0.8755962252616882], [1.0030440092086792, 1.0, 0.8755962252616882], [1.0030440092086792, 1.0, 0.8755962252616882], [1.0030440092086792, 1.0, 0.8755962252616882], [1.0030440092086792, 1.0, 0.8755962252616882], [1.0030440092086792, 1.0, 0.8755962252616882], [1.0030440092086792, 1.0, 0.8755962252616882], [1.0030440092086792, 1.0, 0.8755962252616882], [1.0030440092086792, 1.0, 0.8755962252616882], [1.0030440092086792, 1.0, 0.8755962252616882], [1.0030440092086792, 1.0, 0.8755962252616882], [0.9969418814345721, 1.0, 0.8755962252616882], [0.9872811175984046, 1.0, 0.8755962252616882], [0.9789994871478597, 1.0, 0.8755962252616882], [0.9705555042925512, 1.0, 0.8755962252616882], [0.9618862336451709, 1.0, 0.8755962252616882], [0.950088784246593, 1.0, 0.8755962252616882], [0.9352977029615149, 1.0, 0.8755962252616882], [0.9198306819044738, 1.0, 0.8755962252616882], [0.9042594599901466, 1.0, 0.8755962252616882], [0.8886543061908584, 1.0, 0.8755962252616882], [0.8758475250594988, 1.0, 0.8755962252616882], [0.8708237958467717, 1.0, 0.8755962252616882], [0.8708238005638123, 1.0, 0.8755962252616882], [0.8708238005638123, 1.0, 0.8755962252616882], [0.8708238005638123, 1.0, 0.8755962252616882], [0.8708238005638123, 1.0, 0.8755962252616882], [0.8708238005638123, 1.0, 0.8755962252616882], [0.8708238005638123, 1.0, 0.8755962252616882], [0.8708238005638123, 1.0, 0.8755962252616882], [0.8708238005638123, 1.0, 0.8755962252616882], [0.8708238005638123, 1.0, 0.8755962252616882], [0.8708238005638123, 1.0, 0.8755962252616882], [0.8708238005638123, 1.0, 0.8755962252616882], [0.8708238005638123, 1.0, 0.8755962252616882], [0.8708238005638123, 1.0, 0.8755962252616882], [0.8708238005638123, 1.0, 0.8755962252616882], [0.8708238005638123, 1.0, 0.8755962252616882], [0.8708238005638123, 1.0, 0.8755962252616882], [0.8708238005638123, 1.0, 0.8755962252616882], [0.8708238005638123, 1.0, 0.8755962252616882], [0.8708238005638123, 1.0, 0.8755962252616882], [0.8708238005638123, 1.0, 0.8755962252616882], [0.8708238005638123, 1.0, 0.8755962252616882], [0.8708238005638123, 1.0, 0.8755962252616882], [0.8708238005638123, 1.0, 0.8755962252616882], [0.8708238005638123, 1.0, 0.8755962252616882], [0.8708238005638123, 1.0, 0.8755962252616882], [0.8708238005638123, 1.0, 0.8755962252616882]]
Mean Variance: 0.0719014830015
Mean accuracy: 2.03571236134
NumberOfTrials: 2


###New Block of trials: 3D=True, Intro=False, training=False, joystick=True
##New Trial. Number=5
Goal Position: [2.0, 0.009999999776482582, -2.0]
Drop Position: [0.994141697883606, 1.0, -2.2431397438049316]
Hit Position: [1.562970519065857, 0.18602529168128967, -2.201324224472046]
Accuracy: 0.319176852703
Variance: 0.328668820321
[[0.0, 1.0, 0.0], [0.0, 1.0, 0.0], [0.0, 1.0, 0.0], [0.0, 1.0, 0.0], [0.0, 1.0, 0.0], [0.0, 1.0, 0.0], [0.0, 1.0, 0.0], [0.0, 1.0, 0.0], [0.0, 1.0, 0.0], [0.0, 1.0, 0.0], [0.0, 1.0, 0.0], [0.0, 1.0, 0.0], [0.0, 1.0, 0.0], [0.0, 1.0, 0.0], [0.0, 1.0, 0.0], [0.0, 1.0, 0.0], [0.0, 1.0, 0.0], [0.0, 1.0, 0.0], [0.0, 1.0, 0.0], [0.0, 1.0, 0.0], [0.0, 1.0, 0.0], [0.0, 1.0, 0.0], [0.0, 1.0, 0.0], [0.0, 1.0, 0.0], [0.0, 1.0, 0.0], [0.0, 1.0, 0.0], [0.0, 1.0, 0.0], [0.0, 1.0, 0.0], [0.0, 1.0, -0.0018124455979147865], [0.0, 1.0, -0.009871458387150698], [0.0, 1.0, -0.02209033835955873], [0.0, 1.0, -0.04204043267177041], [0.0051998523805535275, 1.0, -0.06545770260402078], [0.01586488429727336, 1.0, -0.09262939592170219], [0.029213787961793088, 1.0, -0.11728022513884744], [0.045453176048029384, 1.0, -0.14065423173338854], [0.0652456615358082, 1.0, -0.16294136385122485], [0.08886135383005356, 1.0, -0.17937986360397223], [0.11479171808008141, 1.0, -0.19515830595391942], [0.14193723705178823, 1.0, -0.2088840027993797], [0.16939791130017623, 1.0, -0.22093247942922598], [0.1971681361784, 1.0, -0.2326630536727192], [0.22476315904200284, 1.0, -0.24431960752926724], [0.2524439911669907, 1.0, -0.25601241123229224], [0.2804162650744587, 1.0, -0.26737565076018116], [0.30808671154686873, 1.0, -0.27861628600619964], [0.3359102425073181, 1.0, -0.2899190945078926], [0.3637689608419583, 1.0, -0.3012362269625062], [0.39153643497885837, 1.0, -0.3125162582970724], [0.41934487360845923, 1.0, -0.32381295706977214], [0.4473466001464803, 1.0, -0.3351881707865651], [0.475409405343668, 1.0, -0.34658820189799305], [0.5030389204525919, 1.0, -0.3578121933965248], [0.5306576661825341, 1.0, -0.36903181636934873], [0.5584481136573443, 1.0, -0.3803212039340015], [0.5863068658197568, 1.0, -0.39163832347243965], [0.6141045204271041, 1.0, -0.4029306150920297], [0.6418712607439798, 1.0, -0.41421037146440737], [0.6697400636413674, 1.0, -0.4290859932013452], [0.697247041995327, 1.0, -0.4449041435314001], [0.7228788231833845, 1.0, -0.46185658650134254], [0.7454907833723404, 1.0, -0.4828617634307012], [0.7670508148963523, 1.0, -0.5055788434646702], [0.7834462891417263, 1.0, -0.5288705415055173], [0.7975866253945788, 1.0, -0.5532566366306596], [0.8105358069763398, 1.0, -0.5793461065184423], [0.8219976527449564, 1.0, -0.6057080105051565], [0.8336332306390966, 1.0, -0.6324694521666714], [0.845328747339374, 1.0, -0.6593687272272175], [0.8569667449986146, 1.0, -0.6861357423682481], [0.8685999134040596, 1.0, -0.7128916782004462], [0.8803023198343648, 1.0, -0.7398068768023789], [0.8919123062009877, 1.0, -0.7665094791026396], [0.9035611172126528, 1.0, -0.7933013914149917], [0.9153267705107568, 1.0, -0.820362002518778], [0.9268753497451238, 1.0, -0.8469233548566215], [0.9381454872636161, 1.0, -0.8738890231705218], [0.949406577227535, 1.0, -0.9008331289278987], [0.9606641927488808, 1.0, -0.9277688793405057], [0.9719072994832536, 1.0, -0.9546698420295667], [0.9833393611576435, 1.0, -0.9811770014044842], [0.9965169632064395, 1.0, -1.006001381518783], [1.0099385228893247, 1.0, -1.0300209978932182], [1.0248945624752497, 1.0, -1.0536013093323027], [1.0408910373191425, 1.0, -1.0766255923517623], [1.0591648150411295, 1.0, -1.0993522681900092], [1.0785385486092065, 1.0, -1.1215987670071068], [1.0981461214384358, 1.0, -1.1441137128515781], [1.1173620032731246, 1.0, -1.1661789144858137], [1.1366518809170245, 1.0, -1.1883290958126502], [1.1559672101256389, 1.0, -1.2105085105894002], [1.1756094129716117, 1.0, -1.2322175923092913], [1.195609706835678, 1.0, -1.2535037328957421], [1.2159840921860134, 1.0, -1.2745080011961887], [1.2370942268918672, 1.0, -1.2951863427541823], [1.258519556673239, 1.0, -1.3153907528721251], [1.280349879627448, 1.0, -1.3353409670452394], [1.3023017509603747, 1.0, -1.3547706066969358], [1.32442794971678, 1.0, -1.3743545499913838], [1.3465238619549635, 1.0, -1.393911684729209], [1.3674437439660452, 1.0, -1.4154528556276351], [1.3864458568429494, 1.0, -1.438127585762796], [1.4047248377779764, 1.0, -1.4613862872033132], [1.4190887653595077, 1.0, -1.4852687856432998], [1.4334127412443411, 1.0, -1.5094795987275866], [1.4476422110591542, 1.0, -1.5335305157668015], [1.4618930605395148, 1.0, -1.557617573460292], [1.476223383612729, 1.0, -1.5818389305382476], [1.4905688021733712, 1.0, -1.606085958789241], [1.5045428061200912, 1.0, -1.6292341136546025], [1.5163855596662053, 1.0, -1.6493949842639961], [1.5247272923464843, 1.0, -1.6645234621418834], [1.5294996288205291, 1.0, -1.6757023914147666], [1.5317852718423202, 1.0, -1.6837090666575099], [1.534004950212877, 1.0, -1.6910960650488558], [1.5362468916221035, 1.0, -1.6985572019035877], [1.5383730253896193, 1.0, -1.7054124855800517], [1.5406158303851927, 1.0, -1.7097327442826338], [1.5428668886589738, 1.0, -1.7103891180431765], [1.543939451625995, 1.0, -1.7103891372680664], [1.543939471244812, 1.0, -1.7103891372680664], [1.543939471244812, 1.0, -1.7103891372680664], [1.543939471244812, 1.0, -1.7103891372680664], [1.543939471244812, 1.0, -1.7103891372680664], [1.543939471244812, 1.0, -1.7103891372680664], [1.543939471244812, 1.0, -1.7103891372680664], [1.543939471244812, 1.0, -1.7103891372680664], [1.543939471244812, 1.0, -1.7103891372680664], [1.543939471244812, 1.0, -1.7103891372680664], [1.543939471244812, 1.0, -1.7103891372680664], [1.543939471244812, 1.0, -1.7103891372680664], [1.543939471244812, 1.0, -1.7103891372680664], [1.543939471244812, 1.0, -1.7103891372680664], [1.543939471244812, 1.0, -1.7103891372680664], [1.543939471244812, 1.0, -1.7103891372680664], [1.543939471244812, 1.0, -1.7103891372680664], [1.543939471244812, 1.0, -1.7103891372680664], [1.543939471244812, 1.0, -1.7103891372680664], [1.543939471244812, 1.0, -1.7103891372680664], [1.543939471244812, 1.0, -1.7103891372680664], [1.543939471244812, 1.0, -1.7103891372680664], [1.543939471244812, 1.0, -1.7103891372680664], [1.543939471244812, 1.0, -1.7103891372680664], [1.543939471244812, 1.0, -1.7103891372680664], [1.543939471244812, 1.0, -1.7103891372680664], [1.543939471244812, 1.0, -1.7103891372680664], [1.543939471244812, 1.0, -1.7103891372680664], [1.543939471244812, 1.0, -1.7103891372680664], [1.5427347565023097, 1.0, -1.7103891372680664], [1.5314771084563135, 1.0, -1.7103891372680664], [1.5169466516648422, 1.0, -1.7103891372680664], [1.500944677320324, 1.0, -1.7103891372680664], [1.4848450204905002, 1.0, -1.7103891372680664], [1.4688658191985347, 1.0, -1.7103891372680664], [1.4525500214215863, 1.0, -1.7103891372680664], [1.441130462790114, 1.0, -1.7103891372680664], [1.43350613572932, 1.0, -1.7103891372680664], [1.430170037186079, 1.0, -1.7103891372680664], [1.4272564637532332, 1.0, -1.7103891372680664], [1.4243692232586547, 1.0, -1.7103891372680664], [1.4214544157714832, 1.0, -1.7103891372680664], [1.41852923852501, 1.0, -1.7103891372680664], [1.415623582753999, 1.0, -1.7103891372680664], [1.4127098748993667, 1.0, -1.7103891372680664], [1.4097676993927264, 1.0, -1.7103891372680664], [1.4085828174752384, 1.0, -1.7103891372680664], [1.4085828065872192, 1.0, -1.7103891372680664], [1.4085828065872192, 1.0, -1.7103891372680664], [1.4085828065872192, 1.0, -1.7103891372680664], [1.4085828065872192, 1.0, -1.7103891372680664], [1.4085828065872192, 1.0, -1.7103891372680664], [1.4085828065872192, 1.0, -1.7103891372680664], [1.4085828065872192, 1.0, -1.7103891372680664], [1.4085828065872192, 1.0, -1.7103891372680664], [1.4085828065872192, 1.0, -1.7103891372680664], [1.4085828065872192, 1.0, -1.7103891372680664], [1.4085828065872192, 1.0, -1.7103891372680664], [1.4085828065872192, 1.0, -1.7103891372680664], [1.4085828065872192, 1.0, -1.7103891372680664], [1.4085828065872192, 1.0, -1.7103891372680664], [1.4085828065872192, 1.0, -1.7103891372680664], [1.4085828065872192, 1.0, -1.7103891372680664], [1.4085828065872192, 1.0, -1.7105197932867326], [1.4085828065872192, 1.0, -1.7119667910967868], [1.4085828065872192, 1.0, -1.7152560177670926], [1.4085828065872192, 1.0, -1.7230361572570616], [1.4085828065872192, 1.0, -1.7311974086727742], [1.4085828065872192, 1.0, -1.7392622198311591], [1.4085828065872192, 1.0, -1.7476688398067715], [1.4085828065872192, 1.0, -1.7558238106869761], [1.4085828065872192, 1.0, -1.7640904139378577], [1.4085828065872192, 1.0, -1.772759564088181], [1.4085828065872192, 1.0, -1.781823667876676], [1.4085828065872192, 1.0, -1.7913705208390565], [1.4085828065872192, 1.0, -1.800822094104143], [1.4085828065872192, 1.0, -1.8109820523372682], [1.4085828065872192, 1.0, -1.8224269617664657], [1.4085828065872192, 1.0, -1.833832493209224], [1.4085828065872192, 1.0, -1.845142106170971], [1.4085828065872192, 1.0, -1.856554200841256], [1.4085828065872192, 1.0, -1.8680574746884484], [1.4085828065872192, 1.0, -1.8800022069648021], [1.4085828065872192, 1.0, -1.8918901437669629], [1.4085828065872192, 1.0, -1.9039222989393652], [1.4085828065872192, 1.0, -1.9156374290447737], [1.4085828065872192, 1.0, -1.9276210104361098], [1.4085828065872192, 1.0, -1.9395518249130819], [1.4085828065872192, 1.0, -1.9515960073803593], [1.4085828065872192, 1.0, -1.963654716124036], [1.4085828065872192, 1.0, -1.9764016996373996], [1.4085828065872192, 1.0, -1.9896628757349784], [1.4052139496072802, 1.0, -2.003030747655528], [1.4011286162517853, 1.0, -2.0161006098465877], [1.3970621999827855, 1.0, -2.0291100574520486], [1.392598017287713, 1.0, -2.0426548283557127], [1.388105827889802, 1.0, -2.056677805716845], [1.3799601387935334, 1.0, -2.0721760244155387], [1.371545363749939, 1.0, -2.0874347131295634], [1.361875969810349, 1.0, -2.102808274301428], [1.351732491629453, 1.0, -2.118096755740604], [1.3415360119801216, 1.0, -2.1334651713261246], [1.3312605180383552, 1.0, -2.1489527735329617], [1.3227822333632397, 1.0, -2.1635383431278097], [1.3150882268349589, 1.0, -2.175643456259341], [1.3074551555949694, 1.0, -2.1871305163631467], [1.2997645050851996, 1.0, -2.1987041462508965], [1.29203414008909, 1.0, -2.2092789834063367], [1.2842939355985368, 1.0, -2.2178675645082504], [1.2764608124379435, 1.0, -2.2259007463704985], [1.268580651601108, 1.0, -2.2306689196491876], [1.260851564856894, 1.0, -2.2344363756577215], [1.2524281108870419, 1.0, -2.2378832521011955], [1.2427991692272211, 1.0, -2.239872003267936], [1.232384359827689, 1.0, -2.241162468633828], [1.2209330608611697, 1.0, -2.2419541109102905], [1.2090538739162784, 1.0, -2.242747613535486], [1.195847070298797, 1.0, -2.243139729155545], [1.1819756226946125, 1.0, -2.2431397438049316], [1.1679454411676715, 1.0, -2.2431397438049316], [1.1537522859885914, 1.0, -2.2431397438049316], [1.1393530265441227, 1.0, -2.2431397438049316], [1.1246348670000779, 1.0, -2.2431397438049316], [1.1088455857936101, 1.0, -2.2431397438049316], [1.0910016019758635, 1.0, -2.2431397438049316], [1.0730138459512062, 1.0, -2.2431397438049316], [1.0550554351186054, 1.0, -2.2431397438049316], [1.0370438629480738, 1.0, -2.2431397438049316], [1.0188568546072587, 1.0, -2.2431397438049316], [1.0056114109167025, 1.0, -2.2431397438049316], [0.9973232956424993, 1.0, -2.2431397438049316], [0.9941417153118554, 1.0, -2.2431397438049316], [0.994141697883606, 1.0, -2.2431397438049316], [0.994141697883606, 1.0, -2.2431397438049316], [0.994141697883606, 1.0, -2.2431397438049316], [0.994141697883606, 1.0, -2.2431397438049316], [0.994141697883606, 1.0, -2.2431397438049316], [0.994141697883606, 1.0, -2.2431397438049316], [0.994141697883606, 1.0, -2.2431397438049316], [0.994141697883606, 1.0, -2.2431397438049316], [0.994141697883606, 1.0, -2.2431397438049316], [0.994141697883606, 1.0, -2.2431397438049316], [0.994141697883606, 1.0, -2.2431397438049316], [0.994141697883606, 1.0, -2.2431397438049316], [0.994141697883606, 1.0, -2.2431397438049316], [0.994141697883606, 1.0, -2.2431397438049316], [0.994141697883606, 1.0, -2.2431397438049316], [0.994141697883606, 1.0, -2.2431397438049316], [0.994141697883606, 1.0, -2.2431397438049316], [0.994141697883606, 1.0, -2.2431397438049316], [0.994141697883606, 1.0, -2.2431397438049316], [0.994141697883606, 1.0, -2.2431397438049316], [0.994141697883606, 1.0, -2.2431397438049316], [0.994141697883606, 1.0, -2.2431397438049316], [0.994141697883606, 1.0, -2.2431397438049316], [0.994141697883606, 1.0, -2.2431397438049316], [0.994141697883606, 1.0, -2.2431397438049316], [0.994141697883606, 1.0, -2.2431397438049316], [0.994141697883606, 1.0, -2.2431397438049316], [0.994141697883606, 1.0, -2.2431397438049316], [0.994141697883606, 1.0, -2.2431397438049316], [0.994141697883606, 1.0, -2.2431397438049316], [0.994141697883606, 1.0, -2.2431397438049316], [0.994141697883606, 1.0, -2.2431397438049316], [0.994141697883606, 1.0, -2.2431397438049316], [0.994141697883606, 1.0, -2.2431397438049316], [0.994141697883606, 1.0, -2.2431397438049316], [0.994141697883606, 1.0, -2.2431397438049316], [0.994141697883606, 1.0, -2.2431397438049316], [0.994141697883606, 1.0, -2.2431397438049316], [0.994141697883606, 1.0, -2.2431397438049316], [0.994141697883606, 1.0, -2.2431397438049316], [0.994141697883606, 1.0, -2.2431397438049316], [0.994141697883606, 1.0, -2.2431397438049316], [0.994141697883606, 1.0, -2.2431397438049316], [0.994141697883606, 1.0, -2.2431397438049316], [0.994141697883606, 1.0, -2.2431397438049316], [0.994141697883606, 1.0, -2.2431397438049316], [0.994141697883606, 1.0, -2.2431397438049316], [0.994141697883606, 1.0, -2.2431397438049316], [0.994141697883606, 1.0, -2.2431397438049316], [0.994141697883606, 1.0, -2.2431397438049316], [0.994141697883606, 1.0, -2.2431397438049316], [0.994141697883606, 1.0, -2.2431397438049316], [0.994141697883606, 1.0, -2.2431397438049316], [0.994141697883606, 1.0, -2.2431397438049316], [0.994141697883606, 1.0, -2.2431397438049316], [0.994141697883606, 1.0, -2.2431397438049316], [0.994141697883606, 1.0, -2.2431397438049316], [0.994141697883606, 1.0, -2.2431397438049316], [0.994141697883606, 1.0, -2.2431397438049316], [0.994141697883606, 1.0, -2.2431397438049316], [0.994141697883606, 1.0, -2.2431397438049316], [0.994141697883606, 1.0, -2.2431397438049316], [0.994141697883606, 1.0, -2.2431397438049316], [0.994141697883606, 1.0, -2.2431397438049316], [0.994141697883606, 1.0, -2.2431397438049316], [0.994141697883606, 1.0, -2.2431397438049316], [0.994141697883606, 1.0, -2.2431397438049316], [0.994141697883606, 1.0, -2.2431397438049316], [0.994141697883606, 1.0, -2.2431397438049316], [0.994141697883606, 1.0, -2.2431397438049316], [0.994141697883606, 1.0, -2.2431397438049316], [0.994141697883606, 1.0, -2.2431397438049316], [0.994141697883606, 1.0, -2.2431397438049316], [0.994141697883606, 1.0, -2.2431397438049316], [0.994141697883606, 1.0, -2.2431397438049316], [0.994141697883606, 1.0, -2.2431397438049316]]
##New Trial. Number=6
Goal Position: [-2.0, 0.009999999776482582, -2.0]
Drop Position: [-2.090956449508667, 1.0, -2.0961642265319824]
Hit Position: [1.562970519065857, 0.18602529168128967, -2.201324224472046]
Accuracy: 1.88214737177
Variance: 0.0255376520356
[[0.0, 1.0, 0.0], [0.0, 1.0, 0.0], [0.0, 1.0, 0.0], [0.0, 1.0, 0.0], [0.0, 1.0, 0.0], [0.0, 1.0, 0.0], [0.0, 1.0, 0.0], [0.0, 1.0, 0.0], [0.0, 1.0, 0.0], [0.0, 1.0, 0.0], [0.0, 1.0, 0.0], [0.0, 1.0, 0.0], [0.0, 1.0, 0.0], [0.0, 1.0, 0.0], [0.0, 1.0, 0.0], [0.0, 1.0, 0.0], [0.0, 1.0, 0.0], [0.0, 1.0, 0.0], [0.0, 1.0, 0.0], [0.0, 1.0, 0.0], [0.0, 1.0, 0.0], [0.0, 1.0, 0.0], [0.0, 1.0, 0.0], [0.0, 1.0, 0.0], [0.0, 1.0, 0.0], [0.0, 1.0, 0.0], [0.0, 1.0, 0.0], [0.0, 1.0, 0.0], [0.0, 1.0, 0.0], [-0.0018478977310551715, 1.0, -0.0013080256394285353], [-0.005942040017789854, 1.0, -0.003664480679056303], [-0.01343828531728119, 1.0, -0.007911978585515672], [-0.021822877479445474, 1.0, -0.01336944653045082], [-0.030706585209588053, 1.0, -0.020865984098140684], [-0.0409881717266734, 1.0, -0.03013652671409857], [-0.05228404946053737, 1.0, -0.04160149606011084], [-0.06603610210762867, 1.0, -0.05656763195775323], [-0.09674406966082377, 1.0, -0.08834224817223904], [-0.11263581708162174, 1.0, -0.10449984185641846], [-0.13057984267495545, 1.0, -0.12151024736165117], [-0.14858065790038552, 1.0, -0.14041801674807702], [-0.16723066385316204, 1.0, -0.16088631059178074], [-0.18736677204904073, 1.0, -0.18256942118681516], [-0.20747114829787497, 1.0, -0.20421835381250436], [-0.22768735067470122, 1.0, -0.22598771225144562], [-0.2478463352145577, 1.0, -0.24769546427732528], [-0.2678784192914559, 1.0, -0.26926655064368116], [-0.28801139889827754, 1.0, -0.2909462890488207], [-0.30813502558743033, 1.0, -0.31261593701503454], [-0.3281993636690204, 1.0, -0.3342217450920224], [-0.34833754360458186, 1.0, -0.3559070944724455], [-0.3684944419043789, 1.0, -0.3776125890463993], [-0.38863835907977257, 1.0, -0.3993040955326177], [-0.4087515688583849, 1.0, -0.42096255255290144], [-0.4289500968520919, 1.0, -0.44271285437104246], [-0.44932285811323763, 1.0, -0.46465077888872697], [-0.469189538258971, 1.0, -0.48604376748284706], [-0.48931470867998467, 1.0, -0.5077151232708281], [-0.5097342721204349, 1.0, -0.5297034477662673], [-0.529643090713555, 1.0, -0.551141791459031], [-0.5497173315101305, 1.0, -0.5727582538810634], [-0.5706278590812093, 1.0, -0.5952753050699459], [-0.6103420015536525, 1.0, -0.6380405353164968], [-0.6303194981962301, 1.0, -0.659552824997891], [-0.650545041624908, 1.0, -0.681332248283349], [-0.6724240597399318, 1.0, -0.704892128283178], [-0.6924051912056929, 1.0, -0.7264083017878595], [-0.714657083100801, 1.0, -0.7503697705715299], [-0.7347151579329935, 1.0, -0.7719688804360989], [-0.7549376085376214, 1.0, -0.7937449764454186], [-0.7749462682818867, 1.0, -0.8152908678744086], [-0.795001761497458, 1.0, -0.8368871611530415], [-0.8151378515893021, 1.0, -0.8585702845004994], [-0.8354019168876629, 1.0, -0.8803911585657923], [-0.8555125135769567, 1.0, -0.9020468407886216], [-0.8755757906020118, 1.0, -0.9236515531826361], [-0.8955933018728217, 1.0, -0.9452069838148849], [-0.9157288718146698, 1.0, -0.9668895434041954], [-0.9358634130855823, 1.0, -0.9885709837084017], [-0.9559730159608454, 1.0, -1.0102255283119137], [-0.9761424226208263, 1.0, -1.031944482603861], [-0.9962493865999036, 1.0, -1.0535962531054037], [-1.0164031678747094, 1.0, -1.0752984042331577], [-1.0365257817154443, 1.0, -1.0969669704150202], [-1.0567866593794473, 1.0, -1.1187845023437066], [-1.0769960984287743, 1.0, -1.140546620394253], [-1.097048456484826, 1.0, -1.1621396119484821], [-1.1172058327584093, 1.0, -1.183845720718103], [-1.1373383238172574, 1.0, -1.2055249416445426], [-1.1574457809253085, 1.0, -1.227177221271553], [-1.1774253412678082, 1.0, -1.2486917849809092], [-1.1974891954254723, 1.0, -1.2702970512445773], [-1.2175201863142453, 1.0, -1.291867020064518], [-1.237705233790139, 1.0, -1.313602768005824], [-1.257828854408604, 1.0, -1.3352724671568557], [-1.2780689602844633, 1.0, -1.3570675490360573], [-1.2982280105771533, 1.0, -1.37877533175952], [-1.3181716906456802, 1.0, -1.4002512360560895], [-1.338445155308916, 1.0, -1.4220822314724668], [-1.3584408629475149, 1.0, -1.4436140705848395], [-1.3785192500255707, 1.0, -1.4652350611952745], [-1.3988696888391952, 1.0, -1.4871489665652557], [-1.4187716899852967, 1.0, -1.5085800724369882], [-1.438949459038312, 1.0, -1.530307997897576], [-1.4590704888911985, 1.0, -1.5519748698640115], [-1.4791930275803125, 1.0, -1.5736434344958308], [-1.5001446129610398, 1.0, -1.5962047391665346], [-1.5194469689278625, 1.0, -1.6169900694388328], [-1.5396101211816744, 1.0, -1.6387023167432562], [-1.5596588751544405, 1.0, -1.660291285331701], [-1.5797939511449655, 1.0, -1.681973297680673], [-1.6000231363296222, 1.0, -1.7037566943230429], [-1.6202149087111988, 1.0, -1.725499721193049], [-1.640189811000663, 1.0, -1.747009231229827], [-1.6604611021695888, 1.0, -1.7688379991963579], [-1.6806210996353728, 1.0, -1.790546914888999], [-1.700620464266914, 1.0, -1.8120826994019381], [-1.720792406866878, 1.0, -1.8338043967912458], [-1.7408999130053866, 1.0, -1.855456668827095], [-1.7610828368397855, 1.0, -1.8771902198422732], [-1.7811727041151426, 1.0, -1.8988234897568115], [-1.801257367733652, 1.0, -1.920451156461101], [-1.8215578334172184, 1.0, -1.939926916327115], [-1.8404700483550118, 1.0, -1.9561947536190492], [-1.8587057498558617, 1.0, -1.9725798212339678], [-1.8761917100548868, 1.0, -1.9880716887973715], [-1.8927115208492908, 1.0, -1.9999291290930816], [-1.9073752068770402, 1.0, -2.0091846454935136], [-1.9184676487102232, 1.0, -2.012724731692968], [-1.9244100980268257, 1.0, -2.0127246379852295], [-1.924410104751587, 1.0, -2.0127246379852295], [-1.924410104751587, 1.0, -2.0127246379852295], [-1.924410104751587, 1.0, -2.0127246379852295], [-1.924410104751587, 1.0, -2.0127246379852295], [-1.924410104751587, 1.0, -2.0127246379852295], [-1.924410104751587, 1.0, -2.0127246379852295], [-1.924410104751587, 1.0, -2.0127246379852295], [-1.924410104751587, 1.0, -2.0127246379852295], [-1.924410104751587, 1.0, -2.0127246379852295], [-1.924410104751587, 1.0, -2.0127246379852295], [-1.924410104751587, 1.0, -2.0127246379852295], [-1.9262712756822975, 1.0, -2.0127246379852295], [-1.9347726440556612, 1.0, -2.013646034822264], [-1.9501704580292394, 1.0, -2.0213478106561773], [-1.9696008893997323, 1.0, -2.031907839980443], [-1.990973603208782, 1.0, -2.0436858367534225], [-2.0128158638267335, 1.0, -2.055635572743492], [-2.0347779172864975, 1.0, -2.067650833011297], [-2.0565332049620215, 1.0, -2.0795528870444473], [-2.0776438521536704, 1.0, -2.091274698175314], [-2.0899042067664824, 1.0, -2.0961641815446983], [-2.0909563448265676, 1.0, -2.0961642265319824], [-2.090956449508667, 1.0, -2.0961642265319824], [-2.090956449508667, 1.0, -2.0961642265319824], [-2.090956449508667, 1.0, -2.0961642265319824], [-2.090956449508667, 1.0, -2.0961642265319824], [-2.090956449508667, 1.0, -2.0961642265319824], [-2.090956449508667, 1.0, -2.0961642265319824], [-2.090956449508667, 1.0, -2.0961642265319824], [-2.090956449508667, 1.0, -2.0961642265319824], [-2.090956449508667, 1.0, -2.0961642265319824], [-2.090956449508667, 1.0, -2.0961642265319824], [-2.090956449508667, 1.0, -2.0961642265319824], [-2.090956449508667, 1.0, -2.0961642265319824], [-2.090956449508667, 1.0, -2.0961642265319824], [-2.090956449508667, 1.0, -2.0961642265319824], [-2.090956449508667, 1.0, -2.0961642265319824], [-2.090956449508667, 1.0, -2.0961642265319824], [-2.090956449508667, 1.0, -2.0961642265319824], [-2.090956449508667, 1.0, -2.0961642265319824], [-2.090956449508667, 1.0, -2.0961642265319824], [-2.090956449508667, 1.0, -2.0961642265319824], [-2.090956449508667, 1.0, -2.0961642265319824], [-2.090956449508667, 1.0, -2.0961642265319824], [-2.090956449508667, 1.0, -2.0961642265319824], [-2.090956449508667, 1.0, -2.0961642265319824], [-2.090956449508667, 1.0, -2.0961642265319824], [-2.090956449508667, 1.0, -2.0961642265319824], [-2.090956449508667, 1.0, -2.0961642265319824], [-2.090956449508667, 1.0, -2.0961642265319824], [-2.090956449508667, 1.0, -2.0961642265319824], [-2.090956449508667, 1.0, -2.0961642265319824], [-2.090956449508667, 1.0, -2.0961642265319824], [-2.090956449508667, 1.0, -2.0961642265319824], [-2.090956449508667, 1.0, -2.0961642265319824]]
Mean Variance: 0.177103236178
Mean accuracy: 1.10066211224
NumberOfTrials: 2

Experiment end: 14:22:30